0.00000000000000000e+00   5.08790093582170818e-19   0.00000000000000000e+00   0.00000000000000000e+00   0.00000000000000000e+00   0.00000000000000000e+00   0.00000000000000000e+00   0.00000000000000000e+00   0.00000000000000000e+00
1.00501670841679491e-02   5.02659906194512809e-19   8.89667906276942976e+06   4.24775335862169086e+04   3.55427741961176571e+03   5.27981739500244629e+00   4.97082837753003478e+04   3.56960364698730473e+03   5.27981739500244629e+00
2.02013400267557763e-02   4.96430886265692120e-19   3.59607336581816226e+07   1.70692292301869718e+05   1.41107594764014284e+04   1.99690088960058389e+01   1.99622291667406826e+05   1.41709694658005501e+04   1.99690088960058389e+01
3.04545339535169379e-02   4.90122472091380943e-19   8.17489966636378020e+07   3.85695485926791793e+05   3.14941899832209892e+04   4.24185633038566152e+01   4.50780792882489390e+05   3.16272373267448893e+04   4.24185633038566152e+01
4.08107741923882106e-02   4.83724622872038263e-19   1.46811890658219844e+08   6.88360622487365035e+05   5.55066518505269269e+04   7.10760957887417817e+01   8.04011590385194635e+05   5.57389278632760179e+04   7.10760957887417817e+01
5.12710963760241167e-02   4.77239199256700086e-19   2.31692394182664007e+08   1.07937661332716513e+06   8.59285510032839520e+04   1.04494855248086807e+02   1.25992483811838040e+06   8.62849343187908526e+04   1.04494855248086807e+02
6.18365465453596386e-02   4.70667583156813503e-19   3.36924999111343622e+08   1.55923737947895122e+06   1.22518762262572069e+05   1.41336607435992448e+02   1.81890186089196778e+06   1.23022669007350836e+05   1.41336607435992448e+02
7.25081812542163195e-02   4.64015794837865188e-19   4.63034662310501516e+08   2.12824262631586147e+06   1.65017394032719283e+05   1.80383860217511597e+02   2.48109823422236415e+06   1.65690841961470898e+05   1.80383860217511597e+02
8.32870676749586369e-02   4.57282130185417720e-19   6.10535754880608678e+08   2.78646905063244142e+06   2.13141721697502740e+05   2.20521693864447542e+02   3.24640916170942737e+06   2.14005367366113060e+05   2.20521693864447542e+02
9.41742837052104154e-02   4.50475768311618387e-19   7.79931012389587402e+08   3.53380431539499015e+06   2.66596411493825028e+05   2.60775467605986421e+02   4.11451466851880355e+06   2.67669638732129242e+05   2.60775467605986421e+02
1.05170918075647490e-01   4.43585168338339043e-19   9.71710489596384048e+08   4.36983630778489076e+06   3.25051686682994477e+05   3.00226993731412449e+02   5.08474151857914124e+06   3.26352573682544811e+05   3.00226993731412449e+02
1.16278070458871285e-01   4.36622030307077249e-19   1.18635052323980618e+09   5.29399855700410809e+06   3.88177855651944818e+05   3.38135964904635273e+02   6.15624917491770908e+06   3.89723316438234819e+05   3.38135964904635273e+02
1.27496851579375736e-01   4.29581340302626728e-19   1.42431270652449512e+09   6.30540334784892853e+06   4.55611814646406099e+05   3.73816911450270254e+02   7.32782127107843012e+06   4.57417560475368286e+05   3.73816911450270254e+02
1.38828383324621774e-01   4.22476015556051948e-19   1.68604287897324610e+09   7.40302831837746035e+06   5.26998541545860702e+05   4.06765090045079830e+02   8.59810180794075690e+06   5.29079234964341740e+05   4.06765090045079830e+02
1.50273798857227137e-01   4.15300905523276150e-19   1.97197013533212185e+09   8.58547219430984370e+06   6.01943186798500363e+05   4.36501849166120849e+02   9.96529099784725904e+06   6.04312357825561310e+05   4.36501849166120849e+02
1.61834242728283062e-01   4.08061680986996321e-19   2.28250585721052408e+09   9.85115328231547214e+06   6.80054064461818547e+05   4.62694966938024606e+02   1.14273955059682708e+07   6.82724217740701744e+05   4.62694966938024606e+02
1.73510870991810284e-01   4.00754361001679412e-19   2.61804277111307907e+09   1.11981100266312528e+07   7.60905917753458256e+05   4.85051464420178377e+02   1.29819821016289424e+07   7.63888465772493160e+05   4.85051464420178377e+02
1.85304851320365449e-01   3.93398805669059542e-19   2.97895403647207642e+09   1.26244366086990070e+07   8.44124085724001518e+05   5.03507006533435856e+02   1.46267182749617584e+07   8.47429621409260901e+05   5.03507006533435856e+02
1.97217363121810152e-01   3.85984984384508696e-19   3.36559236721994448e+09   1.41275541049541421e+07   9.29249793817890459e+05   5.17899925305473630e+02   1.63584722362059634e+07   9.32887791080640396e+05   5.17899925305473630e+02
2.09249597657251485e-01   3.78517009772122826e-19   3.77828919034864616e+09   1.57047839534342382e+07   1.01585052848638210e+06   5.28223303074966793e+02   1.81740243143155612e+07   1.01982949198390683e+06   5.28223303074966793e+02
2.21402758160169855e-01   3.71002268436166566e-19   4.21735384478948116e+09   1.73532544836063683e+07   1.10350244558792398e+06   5.34560210750147576e+02   2.00699510031062514e+07   1.10782996487242309e+06   5.34560210750147576e+02
2.33678059956743178e-01   3.63442211861848359e-19   4.68307282381115913e+09   1.90697038209880106e+07   1.19175783897465141e+06   5.37012155353336652e+02   2.20423846754554994e+07   1.19644050709906081e+06   5.37012155353336652e+02
2.46076730587380776e-01   3.55840762272164905e-19   5.17570906397787189e+09   2.08506433348758183e+07   1.28017572640892840e+06   5.35747832618766893e+02   2.40872153474927284e+07   1.28521916390965413e+06   5.35747832618766893e+02
2.58600009929478070e-01   3.48210342922127516e-19   5.69550128353235435e+09   2.26925953590602130e+07   1.36836016477213171e+06   5.31041423380127071e+02   2.62003790411437787e+07   1.37376916088842507e+06   5.31041423380127071e+02
2.71249150321404731e-01   3.40544633198653310e-19   6.24266337287477112e+09   2.45912445386043005e+07   1.45582527495230548e+06   5.23065404051616042e+02   2.83768283760403134e+07   1.46160344570608018e+06   5.23065404051616042e+02
2.84025416687741394e-01   3.32852905536803539e-19   6.81738383959403896e+09   2.65424956321391352e+07   1.54216690974054043e+06   5.12133646449383491e+02   3.06118177865553275e+07   1.54831694738883362e+06   5.12133646449383491e+02
2.96930086665771809e-01   3.25146879623720797e-19   7.41982531027970219e+09   2.85421855965512246e+07   1.62701238585621747e+06   4.98598272057406803e+02   3.29005503086695448e+07   1.63353611005510204e+06   4.98598272057406803e+02
3.09964450733247521e-01   3.17417812974722050e-19   8.05012409109798050e+09   3.05850178674871027e+07   1.70986558904352528e+06   4.82675315684857310e+02   3.52368970510932580e+07   1.71676348485193076e+06   4.82675315684857310e+02
3.23129812337437095e-01   3.09676514217900231e-19   8.70838978885846519e+09   3.26662780975488611e+07   1.79036356756672682e+06   4.64731546242635147e+02   3.76154637579226419e+07   1.79763516308102431e+06   4.64731546242635147e+02
3.36427488025472288e-01   3.01929255486945262e-19   9.39470499403018570e+09   3.47808651524707824e+07   1.86813051265194314e+06   4.45101353502482766e+02   4.00304221319109127e+07   1.87577426286036381e+06   4.45101353502482766e+02
3.49858807576003183e-01   2.94185449492633332e-19   1.01091250268866310e+10   3.69236947860551551e+07   1.94283469213701226e+06   4.24135496371376689e+02   4.24759929291869327e+07   1.95084804065561667e+06   4.24135496371376689e+02
3.63425114132177818e-01   2.86446187893752774e-19   1.08516777476759586e+10   3.90889898066777512e+07   2.01409329034094559e+06   4.02118109899625779e+02   4.49455993851040006e+07   2.02247242788622365e+06   4.02118109899625779e+02
3.77127764335957183e-01   2.78720345715790670e-19   1.16223634314228325e+10   4.12712943088829592e+07   2.08160841653579450e+06   3.79372596088738931e+02   4.74330758172695339e+07   2.09034846361800446e+06   3.79372596088738931e+02
3.90968128463780484e-01   2.71003855180597063e-19   1.24211547076728687e+10   4.34639859467638209e+07   2.14497671038928907e+06   3.56124029872289441e+02   4.99309009536342025e+07   2.15407130517506599e+06   3.56124029872289441e+02
4.04947590563593973e-01   2.63317817231929415e-19   1.32479965652010460e+10   4.56623215989583358e+07   2.20406757167154551e+06   3.32733562284305378e+02   5.24338039816935211e+07   2.21350962575038709e+06   3.32733562284305378e+02
4.19067548593257566e-01   2.55657992902357576e-19   1.41028064214094563e+10   4.78593719033621252e+07   2.25851948269431712e+06   3.09384126543892876e+02   5.49339508752600253e+07   2.26830038112279866e+06   3.09384126543892876e+02
4.33329414560340576e-01   2.48028220032092232e-19   1.49854742558540001e+10   5.00486627263948545e+07   2.30806967768435413e+06   2.86288024254907214e+02   5.74240730210254714e+07   2.31817949782200530e+06   2.86288024254907214e+02
4.47734614663324759e-01   2.40442069969537254e-19   1.58958628070545635e+10   5.22246780149466991e+07   2.35259871646939265e+06   2.63683524744679175e+02   5.98980481707596630e+07   2.36302658634163672e+06   2.63683524744679175e+02
4.62284589434224902e-01   2.32903168308264839e-19   1.68338078314694519e+10   5.43808657589986399e+07   2.39190156004120549e+06   2.41728156912714581e+02   6.23485533390025944e+07   2.40263531470057787e+06   2.41728156912714581e+02
4.76980793882642917e-01   2.25419127507831742e-19   1.77991184232479858e+10   5.65110872244166434e+07   2.42585068158931565e+06   2.20574114868160279e+02   6.47687672242619991e+07   2.43687702795490017e+06   2.20574114868160279e+02
4.91824697641270570e-01   2.17994122636308003e-19   1.87915773931222420e+10   5.86087644121764228e+07   2.45430238506325381e+06   2.00332448997287656e+02   6.71513695831381083e+07   2.46560678070291504e+06   2.00332448997287656e+02
5.06817785112853691e-01   2.10630074311931770e-19   1.98109417045567360e+10   6.06669163213036135e+07   2.47710495997085143e+06   1.81083305210059763e+02   6.94885862608105391e+07   2.48867151822210709e+06   1.81083305210059763e+02
5.21961555618634110e-01   2.03342477242247693e-19   2.08569429650482025e+10   6.26806581442317441e+07   2.49433761569115566e+06   1.62936562666861704e+02   7.17750934973561913e+07   2.50614978271416854e+06   1.62936562666861704e+02
5.37257523548281712e-01   1.96131802757251470e-19   2.19292879702583580e+10   6.46429547548908293e+07   2.50589141780526564e+06   1.45920445810256780e+02   7.40030717797245979e+07   2.51793132330366364e+06   1.45920445810256780e+02
5.52707218511336418e-01   1.89004521156905420e-19   2.30276592984682808e+10   6.65477524548740461e+07   2.51177548887378769e+06   1.30067288098572305e+02   7.61658504476677626e+07   2.52402427900719969e+06   1.30067288098572305e+02
5.68312185490169153e-01   1.81965076316654101e-19   2.41517159526688728e+10   6.83887475293504596e+07   2.51199640942672547e+06   1.15384986324266222e+02   7.82564735709203929e+07   2.52443420094309468e+06   1.15384986324266222e+02
5.84073984994482043e-01   1.75020956151396719e-19   2.53010940474431267e+10   7.01603788634067625e+07   2.50664285434099287e+06   1.01874328773210109e+02   8.02688458193284124e+07   2.51924897962500434e+06   1.01874328773210109e+02
5.99994193217360472e-01   1.68179621152623559e-19   2.64754075376650505e+10   7.18573686376767606e+07   2.49583786334764585e+06   8.95202009901677940e+01   8.21971954232408851e+07   2.50859097371297982e+06   8.95202009901677940e+01
6.16074402192893666e-01   1.61444868583559846e-19   2.76742489859179611e+10   7.34738795976210088e+07   2.47966923262876971e+06   7.82861102197502703e+01   8.40351017708191276e+07   2.49254716893051984e+06   7.82861102197502703e+01
6.32316219955379344e-01   1.54822595634245437e-19   2.88971903654433746e+10   7.50047834149035960e+07   2.45829158505373402e+06   6.81310683480000421e+01   8.57769557151628137e+07   2.47127160747339949e+06   6.81310683480000421e+01
6.48721270700128416e-01   1.48317703644515739e-19   3.01437838953535538e+10   7.64450054448290914e+07   2.43186948833921505e+06   5.90039317713672773e+01   8.74172015402529091e+07   2.44492832099715155e+06   5.90039317713672773e+01
6.65291194945886843e-01   1.41934353116400213e-19   3.14135629047887039e+10   7.77895608649002016e+07   2.40057929750147136e+06   5.08465089459474768e+01   8.89503773295043409e+07   2.41369318576376000e+06   5.08465089459474768e+01
6.82027649698886851e-01   1.35678548197599075e-19   3.27060427226614532e+10   7.90343457739170790e+07   2.36466166027281713e+06   4.35993369694139048e+01   9.03720184439066648e+07   2.37780663441766240e+06   4.35993369694139048e+01
6.98932308618551046e-01   1.29556193311290715e-19   3.40207215896200371e+10   8.01757102215778381e+07   2.32438339048817288e+06   3.71992797018294894e+01   9.16781630951343924e+07   2.33753540769203007e+06   3.71992797018294894e+01
7.16006862184858761e-01   1.23566899066119398e-19   3.53570815888613358e+10   8.12082983041736931e+07   2.27989677032047976e+06   3.15743133241930529e+01   9.28628849984069020e+07   2.29303131114460668e+06   3.15743133241930529e+01
7.33253017867395718e-01   1.17721774587700349e-19   3.67145895924498291e+10   8.21311721946302503e+07   2.23163164724615496e+06   2.66659931335168920e+01   9.39252836082341969e+07   2.24472485850211047e+06   2.66659931335168920e+01
7.50672500296101441e-01   1.12017810312401495e-19   3.80926982198367844e+10   8.29388330808436573e+07   2.17972107687221700e+06   2.24015000363464800e+01   9.48592343092305064e+07   2.19274865358828055e+06   2.24015000363464800e+01
7.68267051433735526e-01   1.06460846159697291e-19   3.94908468053307343e+10   8.36294503285786062e+07   2.12451664279489731e+06   1.87197117624301228e+01   9.56627752692357749e+07   2.13745476726128254e+06   1.87197117624301228e+01
7.86038430750074069e-01   1.01055385935272403e-19   4.09084623713397293e+10   8.42013643954102099e+07   2.06635987786657317e+06   1.55603259970642647e+01   9.63341129619903862e+07   2.07918526976884226e+06   1.55603259970642647e+01
8.03988415397857370e-01   9.58046467845653973e-20   4.23449606042957382e+10   8.46530203513291776e+07   2.00557867796313041e+06   1.28651805570026827e+01   9.68715467855108231e+07   2.01826862871928443e+06   1.28651805570026827e+01
8.22118800390509552e-01   9.07080910672007472e-20   4.37997468302639771e+10   8.49815985873147398e+07   1.94241919095856347e+06   1.05779911056906784e+01   9.72719160916873664e+07   1.95495128585843602e+06   1.05779911056906784e+01
8.40431398781638084e-01   8.57698549683236783e-20   4.52722169873559494e+10   8.51870878354157954e+07   1.87725629545078054e+06   8.64939470191450255e+00   9.75352234622444361e+07   1.88960907629701821e+06   8.64939470191450255e+00
8.58928041846342527e-01   8.09902947181627544e-20   4.67617585921841202e+10   8.52681957310951203e+07   1.81037826095931930e+06   7.03233464343644865e+00   9.76599909918927550e+07   1.82253093535537785e+06   7.03233464343644865e+00
8.77610579264344048e-01   7.63737486741426932e-20   4.82677516977233124e+10   8.52265464735556692e+07   1.74218746346538002e+06   5.68558608934839338e+00   9.76480186611050516e+07   1.75412055164252082e+06   5.68558608934839338e+00
8.96480879304952127e-01   7.19186690267353202e-20   4.97895698400892487e+10   8.50610562301639616e+07   1.67293557509178133e+06   4.57003871693879038e+00   9.74980112012625337e+07   1.68463030290999939e+06   4.57003871693879038e+00
9.15540829013896884e-01   6.76272201750136397e-20   5.13265809718794022e+10   8.47735234475950003e+07   1.60297867237266782e+06   3.65202230397853222e+00   9.72119104419009686e+07   1.61441758917342708e+06   3.65202230397853222e+00
9.34792334402032132e-01   6.34965542786970046e-20   5.28781483798811874e+10   8.43630484611526132e+07   1.53253533734498918e+06   2.90063653539774302e+00   9.67885797122749537e+07   1.54370173115116684e+06   2.90063653539774302e+00
9.54237320635940023e-01   5.95310181945601340e-20   5.44436315850973892e+10   8.38344944916440248e+07   1.46202872509957827e+06   2.29023996405573538e+00   9.62333734824031591e+07   1.47290780144624063e+06   2.29023996405573538e+00
9.73877732230448379e-01   5.57280899019539245e-20   5.60223872232056274e+10   8.31886170591495931e+07   1.39168710105377017e+06   1.79722171491837446e+00   9.55469756460381150e+07   1.40226509439898678e+06   1.79722171491837446e+00
9.93715533243083149e-01   5.20861669305883772e-20   5.76137699037151642e+10   8.24273418019457906e+07   1.32176074155180552e+06   1.40148260513901390e+00   9.47313701890577078e+07   1.33202513295803918e+06   1.40148260513901390e+00
1.01375270747047752e+00   4.86036746494475903e-20   5.92171330462558289e+10   8.15532026867845058e+07   1.25249615009906865e+06   1.08586870475775998e+00   9.37892062320995927e+07   1.26243575631825440e+06   1.08586870475775998e+00
1.03399125864675145e+00   4.52821855959564181e-20   6.08318296925812759e+10   8.05724615171225071e+07   1.18423086643813783e+06   8.36063082746617559e-01   9.27273221376564056e+07   1.19383650092439167e+06   8.36063082746617559e-01
1.05443321064388851e+00   4.21170275635513835e-20   6.24572132930352554e+10   7.94863406929658353e+07   1.11710758314984641e+06   6.39479693477812194e-01   9.15468451281183213e+07   1.12637104105533613e+06   6.39479693477812194e-01
1.07508060767412372e+00   3.91065554228276361e-20   6.40926384663794403e+10   7.82994649820457548e+07   1.05135252260853420e+06   4.85861551388893087e-01   9.02527282643925399e+07   1.06026717603384261e+06   4.85861551388893087e-01
1.09593551449436566e+00   3.62482206957552592e-20   6.57374617320333481e+10   7.70162472081365436e+07   9.87155873773140716e+05   3.66644511779622206e-01   8.88496701898402423e+07   9.95716568170377170e+05   3.66644511779622206e-01
1.11700001661267567e+00   3.35399872953730888e-20   6.73910422139247284e+10   7.56424188103862107e+07   9.24715019119951990e+05   2.74798244350320631e-01   8.73438466664827019e+07   9.32918236106829485e+05   2.74798244350320631e-01
1.13827622049681976e+00   3.09782567713171423e-20   6.90527423152995453e+10   7.41825532729423344e+07   8.64167888385786791e+05   2.04525488862383142e-01   8.57401157258820087e+07   8.72011469128462602e+05   2.04525488862383142e-01
1.15976625378491605e+00   2.85595588509116865e-20   7.07219283639619446e+10   7.26419018406824023e+07   8.05645289963117335e+05   1.51143493515910637e-01   8.40440938032353818e+07   8.13128481406828272e+05   1.51143493515910637e-01
1.18147226549820195e+00   2.62806443654918636e-20   7.23979712275727234e+10   7.10266241516268998e+07   7.49273945884633344e+05   1.10894968880107067e-01   8.22624201368928701e+07   7.56397470564175397e+05   1.10894968880107067e-01
1.20339642625593779e+00   2.41364519476055571e-20   7.40802468987295227e+10   6.93407164173388481e+07   6.95109250016515609e+05   8.07569377340043026e-02   8.03992853778318018e+07   7.01874882355440757e+05   8.07569377340043026e-02
1.22554092849246876e+00   2.21248270280307270e-20   7.57681370497084503e+10   6.75931323970122337e+07   6.43290361478802632e+05   5.83809787318629037e-02   7.84644906951937973e+07   6.49701622314361390e+05   5.83809787318629037e-02
1.24790798667647218e+00   2.02396338009297451e-20   7.74610295568293762e+10   6.57869429254219905e+07   5.93812239778043586e+05   4.18783483362706599e-02   7.64611842045822889e+07   5.99873400283455150e+05   4.18783483362706599e-02
1.27049983753240703e+00   1.84774704033873167e-20   7.91583189945275726e+10   6.39300367988117114e+07   5.46748227330033085e+05   2.98092399488384917e-02   7.43979754319163561e+07   5.52464959656242863e+05   2.98092399488384917e-02
1.29331874026418392e+00   1.68340193637952825e-20   8.08594070993251038e+10   6.20292578492284417e+07   5.02129029571397405e+05   2.10533939405357362e-02   7.22823040967471004e+07   5.07508147709820361e+05   2.10533939405357362e-02
1.31636697678109282e+00   1.53039088942359862e-20   8.25637032039601898e+10   6.00895866083653420e+07   4.59937137658776250e+05   1.47493449491641893e-02   7.01195096481021643e+07   4.64986250262534129e+05   1.47493449491641893e-02
1.33964685192599209e+00   1.38828392553294299e-20   8.42706246420487213e+10   5.81183168218165264e+07   4.20179267640996608e+05   1.02490722545331807e-02   6.79175725678874552e+07   4.24907014334821200e+05   1.02490722545331807e-02
1.36316069370579607e+00   1.25658201156519596e-20   8.59795971237105255e+10   5.61214384102362618e+07   3.82826713229121699e+05   7.06273051614728694e-03   6.56830132615081072e+07   3.87242497668009484e+05   7.06273051614728694e-03
1.38691085352427779e+00   1.13479794940924975e-20   8.76900550826732635e+10   5.41052028665394932e+07   3.47843209135891928e+05   4.82575385959662165e-03   6.34226710127969310e+07   3.51957150967201218e+05   4.82575385959662165e-03
1.41089970641721107e+00   1.02246788395088213e-20   8.94014419954271088e+10   5.20764716316788495e+07   3.15189446636058623e+05   3.26910248307224569e-03   6.11441057401415855e+07   3.19012370404679619e+05   3.26910248307224569e-03
1.43512965128987569e+00   9.19105807983948956e-21   9.11132106730708923e+10   5.00414910147695690e+07   2.84807753816266661e+05   2.19533882581159946e-03   5.88542061985584050e+07   2.88351026666496706e+05   2.19533882581159946e-03
1.45960311115695118e+00   8.24204217236972824e-21   9.28248235265252533e+10   4.80056135135364756e+07   2.56622656125994428e+05   1.46108104212516114e-03   5.65588701834017336e+07   2.59898008242526616e+05   1.46108104212516114e-03
1.48432253338481779e+00   7.37296717503711546e-21   9.45357528058514252e+10   4.59750835506599769e+07   2.30563290503016440e+05   9.63604990933048249e-04   5.42650455068979636e+07   2.33582844531288894e+05   9.63604990933048249e-04
1.50929038993629927e+00   6.57919588736066360e-21   9.62454808144427032e+10   4.39559275758999288e+07   2.06550585033879121e+05   6.29692977500956427e-04   5.19794671549267173e+07   2.09326755356204754e+05   6.29692977500956427e-04
1.53450917761785588e+00   5.85596059922085419e-21   9.79535000988889008e+10   4.19532089779407904e+07   1.84492249065825163e+05   4.07629573446431409e-04   4.97078028902004659e+07   1.87037573219990794e+05   4.07629573446431409e-04
1.55998141832927306e+00   5.19844274501291088e-21   9.96593136153453217e+10   3.99709829963470995e+07   1.64286104508169374e+05   2.61304372980477304e-04   4.74545956797558218e+07   1.66613090251409332e+05   2.61304372980477304e-04
1.58570965931584773e+00   4.60265861352939546e-21   1.01362434873263000e+11   3.80159707952140048e+07   1.45851984886641207e+05   1.65891736710796955e-04   4.52274912309581190e+07   1.47973312369449675e+05   1.65891736710796955e-04
1.61169647342311917e+00   4.06419579338134555e-21   1.03062388057341156e+11   3.60924379067572355e+07   1.29087720282102295e+05   1.04278594877085451e-04   4.30313539000847489e+07   1.31015947810847239e+05   1.04278594877085451e-04
1.63794445935415434e+00   3.57870901646930968e-21   1.04758708128593552e+11   3.42038112865168899e+07   1.13887181390896847e+05   6.48780495203498276e-05   4.08701153740013614e+07   1.15634633983542066e+05   6.48780495203498276e-05
1.66445624192941866e+00   3.14246623789855357e-21   1.06450940905412155e+11   3.23555113608904257e+07   1.00160184111373179e+05   3.99548403838886624e-05   3.87500506597517878e+07   1.01739085393395144e+05   3.99548403838886624e-05
1.69123447234926427e+00   2.75132505604600345e-21   1.08138643125529297e+11   3.05495750494571626e+07   8.77968099131301424e+04   2.43427421975872754e-05   3.66735580542835519e+07   8.92189676166531717e+04   2.43427421975872754e-05
1.71828182845904731e+00   2.40185573296749578e-21   1.09821382489764648e+11   2.87907203958716318e+07   7.67076690297474124e+04   1.46735527681053940e-05   3.46461811109669507e+07   7.79846650630581426e+04   1.46735527681053940e-05
1.74560101501691856e+00   2.09054025140346278e-21   1.11498737688457809e+11   2.70818918852482252e+07   6.67960428842879483e+04   8.74930762227025617e-06   3.26714473223768026e+07   6.79390672690890060e+04   8.74930762227025617e-06
1.77319476396429998e+00   1.81402087610032335e-21   1.13170298411465790e+11   2.54254803861221038e+07   5.79671516411746270e+04   5.15897842891349725e-06   3.07522749182653427e+07   5.89869491552663458e+04   5.15897842891349725e-06
1.80106583469908132e+00   1.56917600344762532e-21   1.14835665342603638e+11   2.38238516278483234e+07   5.01312658105313749e+04   3.00756519906643690e-06   2.88915871723752990e+07   5.10381260477462347e+04   3.00756519906643690e-06
1.82921701435156159e+00   1.35310060269164498e-21   1.16494450139394821e+11   2.22793124461749047e+07   4.32034051052723153e+04   1.73330627655665977e-06   2.70922746367942914e+07   4.40071516521992016e+04   1.73330627655665977e-06
1.85765111806316563e+00   1.16297510704642350e-21   1.18146275398970306e+11   2.07929510352862664e+07   3.70990976791531721e+04   9.87132636982033964e-07   2.53558303748901188e+07   3.78090131492053042e+04   9.87132636982033964e-07
1.88637098926796032e+00   9.96263971677829690e-22   1.19790774610970657e+11   1.93663783569261618e+07   3.17416929799116588e+04   5.55465605593248511e-07   2.36843906657376960e+07   3.23665570881513559e+04   5.55465605593248511e-07
1.91537949997699863e+00   8.50538412520040928e-22   1.21427592098243530e+11   1.80001269232468233e+07   2.70564398029321419e+04   3.08708047182841616e-07   2.20788483594414778e+07   2.76044783585984515e+04   3.08708047182841616e-07
1.94467955106552592e+00   7.23683589593104390e-22   1.23056382946145050e+11   1.66959744920043703e+07   2.29779834605709038e+04   1.69485952567107905e-07   2.05415975060012750e+07   2.34569448957527820e+04   1.69485952567107905e-07
1.97427407256306786e+00   6.13556537987971345e-22   1.24676812921219894e+11   1.54530482548767515e+07   1.94386860154915812e+04   9.18555724816427014e-08   1.90719149433610477e+07   1.98557241860869181e+04   9.18555724816427014e-08
2.00416602394643517e+00   5.18305754408450043e-22   1.26288558380002930e+11   1.42715797929007765e+07   1.63799668474484079e+04   4.91334999586876963e-08   1.76704028385761492e+07   1.67417201106358734e+04   4.91334999586876963e-08
2.03435839443567756e+00   4.36275771045544070e-22   1.27891306168685410e+11   1.31522044234272763e+07   1.37491234742594588e+04   2.59435299989521603e-08   1.63381694771038685e+07   1.40617501843973023e+04   2.59435299989521603e-08
2.06485420329300418e+00   3.65856122694900977e-22   1.29484753514331024e+11   1.20936903779794499e+07   1.14942921734835418e+04   1.35147317290999172e-08   1.50741077880305257e+07   1.17634157298634655e+04   1.35147317290999172e-08
2.09565650012471405e+00   3.05623334714177895e-22   1.31068607908340637e+11   1.10950763735408112e+07   9.56948135586992794e+03   6.94296865822257528e-09   1.38774396496213265e+07   9.80023291428899574e+03   6.94296865822257528e-09
2.12676836518615842e+00   2.54322623901749224e-22   1.32642586982805466e+11   1.01557853875718825e+07   7.93402366245553821e+03   3.51751034372944435e-09   1.27478592721446063e+07   8.13108405663003759e+03   3.51751034372944435e-09
2.15819290968977029e+00   2.10793681575192876e-22   1.34206418380386917e+11   9.27438858319845237e+06   6.55013379747143699e+03   1.75673735422530170e-09   1.16840401625767630e+07   6.71773226035114203e+03   1.75673735422530170e-09
2.18993327611618716e+00   1.74010540109813086e-22   1.35759839618323273e+11   8.44953911853333935e+06   5.38433714631226940e+03   8.64692812474598427e-10   1.06847562221988346e+07   5.52628498136801591e+03   8.64692812474598427e-10
2.22199263852850271e+00   1.43058591203856108e-22   1.37302597947136139e+11   7.67973364750250429e+06   4.40674165077596172e+03   4.19388866683060770e-10   9.74859180272060819e+06   4.52645734716869265e+03   4.19388866683060770e-10
2.25437420288967383e+00   1.17116329881320724e-22   1.38834450204595703e+11   6.96301893045469932e+06   3.59046999791543840e+03   2.00343241341789717e-10   8.87357790142089128e+06   3.69099735772363420e+03   2.00343241341789717e-10
2.28708120738312104e+00   9.54634802998926284e-23   1.40355162665468506e+11   6.29743496643472370e+06   2.91196117798434534e+03   9.42242376288211720e-11   8.05772790968533792e+06   2.99600028663078047e+03   9.42242376288211720e-11
2.32011692273654990e+00   7.74754366230061961e-23   1.41864510887541199e+11   5.68123054633377027e+06   2.35079732843989586e+03   4.36270606912213859e-11   7.29930373168773856e+06   2.42073840743808978e+03   4.36270606912213859e-11
2.35348465254902672e+00   6.25998442449495477e-23   1.43362279554415924e+11   5.11238263741608150e+06   1.88894127044258039e+03   1.98825881461386043e-11   6.59622293761317153e+06   1.94688581928888175e+03   1.98825881461386043e-11
2.38718773362133785e+00   5.03475853108498786e-23   1.44848262315498016e+11   4.58841303833285440e+06   1.51045351965854888e+03   8.91253647285076938e-12   5.94582237618262693e+06   1.55823286084298206e+03   8.91253647285076938e-12
2.42122953628967652e+00   4.03047929497415153e-23   1.46322261623636627e+11   4.10723946343568666e+06   1.20188093518075675e+03   3.92883340449332493e-12   5.34591219533970300e+06   1.24109043882555670e+03   3.92883340449332493e-12
2.45561346476267861e+00   3.21138998436590935e-23   1.47784088570798126e+11   3.66674751185853314e+06   9.51634073165185100e+02   1.70300619256631873e-12   4.79424611708078999e+06   9.83656261903704490e+02   1.70300619256631873e-12
2.49034295746184409e+00   2.54631702160062510e-23   1.49233562722160492e+11   3.26450596334938426e+06   7.49647391718341737e+02   7.25419022622026583e-13   4.28815919396487530e+06   7.75669771974827199e+02   7.25419022622026583e-13
2.52542148736538552e+00   2.00909430791922634e-23   1.50670511948995361e+11   2.89837327173119830e+06   5.87505013426877213e+02   3.03624761050236674e-13   3.82532804460556060e+06   6.08545888793263430e+02   3.03624761050236674e-13
2.56085256235552405e+00   1.57716875115895025e-23   1.52094772260659088e+11   2.56597164037893759e+06   4.57988326831866232e+02   1.24789894529468922e-13   3.40310599380449019e+06   4.74913220836861228e+02   1.24789894529468922e-13
2.59663972556928480e+00   1.23177410515293231e-23   1.53506187636022247e+11   2.26519091708616959e+06   3.55119255044472993e+02   5.03581927694098072e-14   3.01916071840320760e+06   3.68662337403983656e+02   5.03581927694098072e-14
2.63278655575281295e+00   9.56984420724603719e-24   1.54904609854624573e+11   1.99382318975073611e+06   2.73853187870168369e+02   1.99442718604324589e-14   2.67100931657399004e+06   2.84632365759136974e+02   1.99442718604324589e-14
2.66929666761924755e+00   7.39578591202413288e-24   1.56289898327833069e+11   1.74981394298244314e+06   2.10026180997188249e+02   7.75133969087472083e-15   2.35633872673317976e+06   2.18559422156923944e+02   7.75133969087472083e-15
2.70617371221020209e+00   5.68405043809783864e-24   1.57661919930268188e+11   1.53095673647081410e+06   1.60150009022644554e+02   2.95353935381875020e-15   2.07261073654302955e+06   1.66867322412531081e+02   2.95353935381875020e-15
2.74342137726086621e+00   4.34420240331985397e-24   1.59020548831720276e+11   1.33534694554449036e+06   1.21413337899321476e+02   1.10323590170814409e-15   1.81764892210144969e+06   1.26671252888521749e+02   1.10323590170814409e-15
2.78104338756878455e+00   3.30148717937545166e-24   1.60365666329790527e+11   1.16110472349441866e+06   9.15088660706498302e+01   4.03876263233191238e-16   1.58928181153720152e+06   9.56008734450301745e+01   4.03876263233191238e-16
2.81904350536633919e+00   2.49466218803057521e-24   1.61697160683464386e+11   1.00640598435524921e+06   6.85605207508720866e+01   1.44852639370672452e-16   1.38538250031705201e+06   7.17265845120229386e+01   1.44852639370672452e-16
2.85742553069697847e+00   1.87381949236694778e-24   1.63014926947789307e+11   8.69469612258996232e+05   5.10516353551840609e+01   5.08610239173098633e-17   1.20385122542293742e+06   5.34865137412341625e+01   5.08610239173098633e-17
2.89619330179521883e+00   1.39897529918843422e-24   1.64318866809846130e+11   7.48672739280149224e+05   3.77766918027559910e+01   1.74766711006694050e-17   1.04276895249629975e+06   3.96377584867606458e+01   1.74766711006694050e-17
2.93535069547047689e+00   1.03806903123585877e-24   1.65608888426164764e+11   6.42497239807798760e+05   2.77771105493244619e+01   5.87540165508106872e-18   9.00328888915611315e+05   2.91907565143555594e+01   5.87540165508106872e-18
2.97490162749475262e+00   7.65466101738062918e-25   1.66884906261733551e+11   5.49499974222731078e+05   2.02931868603818764e+01   1.93172729887403731e-18   7.74797875404139981e+05   2.13601843737021326e+01   1.93172729887403731e-18
3.01485005299420550e+00   5.60850852800726041e-25   1.68146840930732574e+11   4.68328511696760892e+05   1.47282977311605290e+01   6.20819778641784069e-19   6.64538503524028580e+05   1.55284435834681904e+01   6.20819778641784069e-19
3.05519996684467898e+00   4.08231365300470196e-25   1.69394619039102386e+11   3.97719985399450699e+05   1.06171910224794583e+01   1.94893449455716260e-19   5.68008956016426091e+05   1.12132312757598296e+01   1.94893449455716260e-19
3.09595540407118008e+00   2.95190412843544858e-25   1.70628173029077698e+11   3.36550621496571170e+05   7.60195188147657408e+00   5.97651327313005190e-20   4.83833014831871435e+05   8.04299356534562371e+00   5.97651327313005190e-20
3.13712044025139658e+00   2.11989259533044452e-25   1.71847441025752563e+11   2.83731168546448636e+05   5.40475213392064546e+00   1.78847331373073835e-20   4.10658416159016779e+05   5.72884059194008088e+00   1.78847331373073835e-20
3.17869919192325057e+00   1.51197393467597473e-25   1.73052366685790222e+11   2.38315147872457572e+05   3.81565596422267106e+00   5.22302104531798992e-21   3.47307944549756125e+05   4.05215415530789347e+00   5.22302104531798992e-21
3.22069581699655672e+00   1.07077055576270698e-25   1.74242899048330658e+11   1.99404352070904075e+05   2.67428415147097542e+00   1.48737065007053712e-21   2.92650638092518027e+05   2.84563146863425720e+00   1.48737065007053712e-21
3.26311451516882212e+00   7.52799876524631875e-26   1.75418992388188782e+11   1.66191946515998250e+05   1.86037262820313520e+00   4.12717063682686083e-22   2.45663355452457297e+05   1.98360446539320368e+00   4.12717063682686083e-22
3.30595952834521079e+00   5.25399068106310777e-26   1.76580606071365356e+11   1.37967860507830163e+05   1.28453542544922161e+00   1.11587324569435998e-22   2.05441082851956133e+05   1.37251014451405262e+00   1.11587324569435998e-22
3.34923514106274567e+00   3.63941179550588494e-26   1.77727704412958832e+11   1.14074988448161559e+05   8.80138783573152117e-01   2.93744932361012834e-23   1.71136861190925905e+05   9.42467661434372550e-01   2.93744932361012834e-23
3.39294568091876148e+00   2.50189563902712978e-26   1.78860256537489014e+11   9.39357155905452673e+04   5.98386268978810310e-01   7.52656046605982359e-24   1.42001395830956666e+05   6.42207045478451310e-01   7.52656046605982359e-24
3.43709551900366961e+00   1.70636083625651401e-26   1.79978236241685486e+11   7.70248013429385755e+04   4.03555398784196218e-01   1.87507848461020414e-24   1.17345987881426277e+05   4.34118734324356770e-01   1.87507848461020414e-24
3.48168907033806985e+00   1.15460585733922416e-26   1.81081621859758911e+11   6.28913893233392882e+04   2.69971182889990169e-01   4.54191826380488123e-25   9.65764179459941515e+04   2.91118058819363201e-01   4.54191826380488123e-25
3.52673079431425762e+00   7.74913549083395044e-27   1.82170396131184235e+11   5.11280461388277326e+04   1.79109769984145795e-01   1.06876964493039474e-25   7.91496899739840737e+04   1.93621309557360732e-01   1.06876964493039474e-25
3.57222519514216419e+00   5.15773331643080976e-27   1.83244546070998413e+11   4.13808601112195174e+04   1.17825525168138392e-01   2.44177904129696785e-26   6.45904329809428746e+04   1.27700412469593960e-01   2.44177904129696785e-26
3.61817682229978566e+00   3.40418029033218458e-27   1.84304062842640259e+11   3.33422071345146906e+04   7.68496960997204354e-02   5.41472718717237569e-27   5.24819779778008815e+04   8.35125889597657795e-02   5.41472718717237569e-27
3.66459027098813106e+00   2.22743237330689100e-27   1.85348941633327179e+11   2.67416170799628599e+04   4.96840900177581840e-02   1.16440652846243291e-27   4.24541883002173345e+04   5.41406245871786582e-02   1.16440652846243291e-27
3.71147018259074635e+00   1.44464767316381032e-27   1.86379181531963867e+11   2.13473102632016489e+04   3.18341467333755831e-02   2.42680461550749168e-28   3.41871951038184416e+04   3.47885008647427704e-02   2.42680461550749168e-28
3.75882124513785953e+00   9.28549201222010855e-28   1.87394785409589661e+11   1.69598029233509769e+04   2.02111391357245491e-02   4.89875892588228444e-29   2.74030921646542993e+04   2.21519305994599264e-02   4.89875892588228444e-29
3.80664819377518437e+00   5.91369787577721980e-28   1.88395759802355286e+11   1.34086028159139532e+04   1.27126739096491657e-02   9.57188886355477426e-30   2.18621180214620726e+04   1.39758727894556574e-02   9.57188886355477426e-30
3.85495581123743936e+00   3.73145433191182116e-28   1.89382114797010956e+11   1.05489475136708443e+04   7.92113424379656088e-03   1.80971443388684962e-30   1.73587750816297048e+04   8.73563865908018496e-03   1.80971443388684962e-30
3.90374892832662823e+00   2.33190457695589413e-28   1.90353863918893036e+11   8.25695114062204630e+03   4.88752875925388929e-03   3.30661844065366339e-31   1.37152598358425821e+04   5.40763884105198607e-03   3.30661844065366339e-31
3.95303242439512115e+00   1.44327040640949380e-28   1.91311024022398499e+11   6.43002761263293087e+03   2.98632558695935066e-03   5.83841578023491792e-32   1.07830998693665988e+04   3.31522657597287541e-03   5.83841578023491792e-32
4.00281122783359322e+00   8.84440390874039772e-29   1.92253615183914642e+11   4.98112029145700308e+03   1.80638397017132950e-03   9.95212180971686031e-33   8.43485166308301814e+03   2.01229705371408106e-03   9.95212180971686031e-33
4.05309031656387386e+00   5.36475159984953179e-29   1.93181660597191315e+11   3.83794799118096807e+03   1.08139391545562791e-03   1.63608953334738427e-33   6.56361898568927700e+03   1.20898751655310163e-03   1.63608953334738427e-33
4.10387471853673169e+00   3.22094600353329711e-29   1.94095186471120483e+11   2.94122060386642306e+03   6.40700543856040513e-04   2.59388962609439116e-34   5.08087659268447624e+03   7.18951525330273648e-04   2.59388962609439116e-34
4.15516951223468745e+00   1.91337209905956902e-29   1.94994221929908325e+11   2.24142666834604051e+03   3.75535511040043320e-04   3.96041443543529888e-35   3.91180401074931569e+03   4.23014171302267875e-04   3.96041443543529888e-35
4.20697982717985486e+00   1.12448764262313625e-29   1.95878798915596863e+11   1.69851610265210434e+03   2.17736559347404227e-04   5.82141431108430549e-36   2.99528179580129245e+03   2.46234283747072077e-04   5.82141431108430549e-36
4.25931084444690544e+00   6.53655409254437600e-30   1.96748952092909821e+11   1.27971222110102167e+03   1.24852259707028212e-04   8.23116758152787630e-37   2.28070981482977913e+03   1.41769309326360618e-04   8.23116758152787630e-37
4.31216779718117316e+00   3.75750648459638999e-30   1.97604718756397034e+11   9.58542619477499784e+02   7.07889084554385207e-05   1.11879729999893990e-37   1.72676364771130397e+03   8.07191295276167114e-05   1.11879729999893990e-37
4.36555597112198157e+00   2.13531129355983109e-30   1.98446138739827728e+11   7.13661257382871554e+02   3.96726219170016441e-05   1.46009031860701171e-38   1.29972772499062148e+03   4.54345535063180829e-05   1.46009031860701171e-38
4.41948070513121305e+00   1.19935937626344040e-30   1.99273254327817291e+11   5.28095566449034209e+02   2.19730795324929448e-05   1.82832206341852831e-39   9.72492565150628025e+02   2.52772881636242003e-05   1.82832206341852831e-39
4.47394739172720701e+00   6.65659587065279460e-31   2.00086110169633820e+11   3.88343394320611424e+02   1.20241347858735214e-05   2.19470174320941235e-40   7.23232667353866532e+02   1.38963035020912047e-05   2.19470174320941235e-40
4.52896147762401124e+00   3.65028492086187565e-31   2.00884753195157532e+11   2.83780209461144523e+02   6.50038798994813311e-06   2.52465556699798880e-41   5.34571889227755946e+02   7.54837430462638635e-06   2.52465556699798880e-41
4.58452846427606087e+00   1.97702985950736082e-31   2.01669232532959045e+11   2.06029349025792499e+02   3.47045606787648602e-06   2.77949155550681768e-42   3.92635363243334950e+02   4.04980558657127153e-06   2.77949155550681768e-42
4.64065390842832848e+00   1.05732457159027413e-31   2.02439599430448792e+11   1.48595225173014086e+02   1.82933532509242583e-06   2.92618783345727062e-43   2.86533608085479898e+02   2.14556038982695280e-06   2.92618783345727062e-43
4.69734342267199878e+00   5.58248178300100288e-32   2.03195907176064850e+11   1.06455271405988682e+02   9.51867158931297294e-07   2.94385557147688442e-44   2.07740701456510010e+02   1.12225425177294636e-06   2.94385557147688442e-44
4.75460267600573872e+00   2.90879401338777452e-32   2.03938211023462433e+11   7.57417910022150380e+01   4.88739970178010239e-07   2.82651427880331041e-45   1.49605481535882774e+02   5.79335199689987745e-07   2.82651427880331041e-45
4.81243739440259688e+00   1.49551640818934783e-32   2.04666568117660126e+11   5.35147488260238759e+01   2.47585754172461161e-07   2.58850307885628671e-46   1.07007837717691615e+02   2.95111240898991694e-07   2.58850307885628671e-46
4.87085336138260860e+00   7.58429206577704273e-33   2.05381037423115356e+11   3.75410126978946650e+01   1.23700859782858444e-07   2.25834094356322056e-47   7.60065432720240608e+01   1.48290589294071554e-07   2.25834094356322056e-47
4.92985641859115464e+00   3.79322827440326000e-33   2.06081679653673004e+11   2.61454267010125037e+01   6.09460214493289345e-08   1.87590523822908769e-48   5.36062043054765240e+01   7.34921486021938666e-08   1.87590523822908769e-48
4.98945246638312145e+00   1.87033906286793119e-33   2.06768557204365417e+11   1.80744395763365873e+01   2.95999390562725618e-08   1.48174387661038447e-49   3.75344373201552060e+01   3.59101218885148746e-08   1.48174387661038447e-49
5.04964746441295453e+00   9.08821551588467394e-34   2.07441734085014984e+11   1.24001242110147789e+01   1.41657015597043730e-08   1.11140552351917593e-50   2.60860589929622755e+01   1.72930801418919951e-08   1.11140552351917593e-50
5.11044743223061904e+00   4.35130588328566917e-34   2.08101275855601227e+11   8.44205322272709502e+00   6.67921315607270336e-09   7.91202694458496623e-52   1.79935851033952439e+01   8.20628327761748042e-09   7.91202694458496623e-52
5.17185844988356092e+00   2.05216098163217124e-34   2.08747249563361969e+11   5.70248440886062102e+00   3.10185255064477238e-09   5.34015780541704455e-53   1.23165772309783552e+01   3.83627347785241023e-09   5.34015780541704455e-53
5.23388665852472545e+00   9.53004831686071147e-35   2.09379723681575348e+11   3.82114067863385376e+00   1.41829535527407538e-09   3.41279342077649591e-54   8.36457903312974516e+00   1.76605535468768688e-09   3.41279342077649591e-54
5.29653826102666514e+00   4.35645391494731373e-35   2.09998768050001160e+11   2.53959868937407984e+00   6.38300215143290207e-10   2.06286649840574059e-55   5.63519983644623323e+00   8.00378399362032597e-10   2.06286649840574059e-55
5.35981952260184080e+00   1.96001211906678221e-35   2.10604453816937073e+11   1.67397040615198622e+00   2.82703801345554682e-10   1.17871048295456467e-56   3.76574666558879878e+00   3.57041814694790319e-10   1.17871048295456467e-56
5.42373677142914357e+00   8.67420033287371611e-36   2.11196853382844360e+11   1.09399712603356858e+00   1.23152252428351723e-10   6.35414619605860149e-58   2.49542983623056225e+00   1.56687197823846721e-10   6.35414619605860149e-58
5.48829639928672020e+00   3.77511274734956825e-36   2.11776040345524597e+11   7.08781462665478812e-01   5.27525147099110063e-11   3.22862255381684047e-59   1.63958028343263118e+00   6.76278883934117383e-11   3.22862255381684047e-59
5.55350486219115869e+00   1.61530949986713552e-36   2.12342089446791443e+11   4.55180882334145942e-01   2.22142258218166689e-11   1.54497755555231851e-60   1.06797007117448173e+00   2.87008053572775121e-11   1.54497755555231851e-60
5.61936868104308740e+00   6.79183158966826799e-37   2.12895076520621887e+11   2.89679849294752989e-01   9.19148071888222100e-12   6.95012712801118194e-62   6.89464301775151611e-01   1.19706930195341992e-11   6.95012712801118194e-62
5.68589444227927920e+00   2.80587654044424135e-37   2.13435078442731140e+11   1.82679142003456418e-01   3.73640474125879597e-12   2.93793191643134986e-63   4.41125218237064798e-01   4.90624968412481658e-12   2.93793191643134986e-63
5.75308879853129618e+00   1.13833511038860028e-37   2.13962173081551178e+11   1.14124188577861399e-01   1.49143701553763283e-12   1.16480314618727335e-64   2.79634756522902816e-01   1.97494700646698453e-12   1.16480314618727335e-64
5.82095846929075922e+00   4.53404694952964004e-38   2.14476439250577209e+11   7.06206510218018307e-02   5.84432777408230584e-13   4.32769123319048609e-66   1.75608190909924189e-01   7.80608712372588141e-13   4.32769123319048609e-66
5.88951024158130387e+00   1.77204423647380340e-38   2.14977956662038513e+11   4.32739929462050699e-02   2.24698509774628745e-13   1.50382485101488760e-67   1.09219148146880857e-01   3.02790765352200037e-13   1.50382485101488760e-67
5.95875097063728276e+00   6.79404035113606018e-39   2.15466805881879150e+11   2.62548578357132932e-02   8.47414528484944771e-14   4.88314500875467162e-69   6.72662571394311432e-02   1.15233218479069819e-13   4.88314500875467162e-69
6.02868758058930343e+00   2.55447995488571358e-39   2.15943068285988556e+11   1.57690993249969269e-02   3.13385237142677671e-14   1.47998287978991125e-70   4.10171664354331555e-02   4.30126398816602201e-14   1.47998287978991125e-70
6.09932706515664336e+00   9.41408086821086753e-40   2.16406826017684570e+11   9.37359482346955715e-03   1.13586824285509498e-14   4.17918618795969263e-72   2.47565994055688292e-02   1.57390678255176324e-14   4.17918618795969263e-72
6.17067648834662474e+00   3.39900507087692650e-40   2.16858161946387512e+11   5.51320504898314846e-03   4.03312496576377931e-15   1.09771526669190793e-73   1.47866224862846195e-02   5.64319333905709457e-15   1.09771526669190793e-73
6.24274298516102277e+00   1.20200283174033867e-40   2.17297159627471497e+11   3.20805144163632556e-03   1.40249950169707164e-15   2.67938884080181494e-75   8.73852132913590686e-03   1.98206077535769750e-15   2.67938884080181494e-75
6.31553376230957753e+00   4.16184218690547504e-41   2.17723903263261749e+11   1.84646087798740052e-03   4.77483942578499549e-16   6.07003209887602442e-77   5.10879584235855982e-03   6.81715401047532046e-16   6.07003209887602442e-77
6.38905609893066018e+00   1.40993567852769813e-41   2.18138477665139221e+11   1.05087252149088520e-03   1.59043400056014297e-16   1.27326374404441345e-78   2.95366029495391404e-03   2.29451366017648230e-16   1.27326374404441345e-78
6.46331734731920271e+00   4.67248653641091247e-42   2.18540968216737061e+11   5.91319552639349845e-04   5.18175657723611684e-17   2.47101468753914794e-80   1.68854410322785697e-03   7.55583965707647546e-17   2.47101468753914794e-80
6.53832493366192846e+00   1.51404773189235858e-42   2.18931460838192291e+11   3.28896202440219010e-04   1.65063506160651825e-17   4.42980131063323791e-82   9.54278050683752686e-04   2.43325621091267339e-17   4.42980131063323791e-82
6.61408635877998030e+00   4.79368336173364010e-43   2.19310041951420807e+11   1.80760498394256743e-04   5.13726684867777561e-18   7.31757817123151129e-84   5.32956692452316201e-04   7.65775487314816489e-18   7.31757817123151129e-84
6.69060919887900152e+00   1.48274911956556065e-43   2.19676798446410004e+11   9.81572714392696231e-05   1.56189986922008953e-18   1.11323050338707308e-85   2.94121252064686179e-04   2.35480727323979904e-18   1.11323050338707308e-85
6.76790110630677422e+00   4.47761230101477513e-44   2.20031817648470062e+11   5.26463164297815849e-05   4.63580739860430610e-19   1.55603228571213045e-87   1.60335796823829116e-04   7.07068397160692114e-19   1.55603228571213045e-87
6.84596981031844898e+00   1.31942403560576876e-44   2.20375187286456879e+11   2.78822112998623914e-05   1.34254146838969660e-19   1.99474457922705910e-89   8.63157701270795289e-05   2.07204204352284400e-19   1.99474457922705910e-89
6.92482311784948568e+00   3.79304000936118326e-45   2.20706995461900055e+11   1.45798735292960558e-05   3.79287538822589356e-20   2.34350080843790224e-91   4.58834510732429335e-05   5.92480050271497482e-20   2.34350080843790224e-91
7.00446891429634988e+00   1.06291412162651747e-45   2.21027330619051331e+11   7.52426209847417206e-06   1.04445320624095018e-20   2.51586069471482012e-93   2.40738259178612577e-05   1.65169124087831488e-20   2.51586069471482012e-93
7.08491516430505541e+00   2.90245515663922306e-46   2.21336281515797272e+11   3.83161231209042295e-06   2.80246007286395522e-21   2.46502907304056036e-95   1.24646165146434338e-05   4.48759051941946722e-21   2.46502907304056036e-95
7.16616991256764457e+00   7.71743810427267814e-47   2.21633937195439423e+11   1.92461802139245557e-06   7.32154743121385279e-22   2.19863505168118048e-97   6.36641896648533645e-06   1.18743532097617416e-21   2.19863505168118048e-97
7.24824128462665307e+00   1.99772086780208995e-47   2.21920386959294922e+11   9.53477762842949157e-07   1.86206853581488928e-22   1.78394488312040889e-99   3.20736671087394206e-06   3.05937872515031513e-22   1.78394488312040889e-99
7.33113748768768225e+00   5.03055945626469080e-48   2.22195720340116119e+11   4.65702149356916769e-07   4.60662368253041201e-23   1.31318250735231917e-101   1.59319070108877127e-06   7.66916445321396840e-23   1.31318250735231917e-101
7.41486681144011683e+00   1.23170472408396193e-48   2.22460027076295837e+11   2.24197302421851302e-07   1.10803651419425568e-23   8.75470368152568272e-104   7.80088556287482078e-07   1.86957563473351066e-23   8.75470368152568272e-104
7.49943762888610976e+00   2.93079323395230022e-49   2.22713397086836182e+11   1.06356694283810531e-07   2.58994144720052707e-24   5.27659423646894588e-106   3.76411980289153863e-07   4.42993233884920125e-24   5.27659423646894588e-106
7.58485839717787869e+00   6.77178940475753421e-50   2.22955920447076660e+11   4.96973124680647472e-08   5.87815528076472183e-25   2.86701167424966549e-108   1.78915387214006592e-07   1.01943740045936258e-24   2.86701167424966549e-108
7.67113765846343654e+00   1.51879704755291473e-50   2.23187687365134888e+11   2.28693161779035667e-08   1.29493365840515164e-25   1.40249722697227397e-110   8.37554436748845024e-08   2.27756764744416941e-25   1.40249722697227397e-110
7.75828404074081490e+00   3.30429229462338187e-51   2.23408788159064209e+11   1.03603539042462673e-08   2.76702961958464296e-26   6.16208523913702435e-113   3.86018185167707566e-08   4.93665237439589854e-26   6.16208523913702435e-113
7.84630625872086007e+00   6.96957000038014005e-52   2.23619313234700195e+11   4.61932329461784051e-09   5.73201425530041109e-27   2.42707815336137787e-115   1.75110296055261984e-08   1.03755173678095403e-26   2.42707815336137787e-115
7.93521311469872437e+00   1.42421839469454100e-52   2.23819353064175201e+11   2.02632103038540529e-09   1.15032952677167342e-27   8.54851753560836238e-118   7.81570136108968810e-09   2.11298251335617249e-27   8.54851753560836238e-118
8.02501349943409537e+00   2.81759046032013275e-53   2.24008998165084290e+11   8.74187581301586407e-10   2.23484063016871710e-28   2.68562815772350492e-120   3.43096559030971068e-09   4.16655562350172318e-28   2.68562815772350492e-120
8.11571639304027848e+00   5.39342368352035790e-54   2.24188339080291199e+11   3.70802599752135746e-10   4.20083727273688653e-29   7.51077793206867159e-123   1.48091739090329513e-09   7.95073056617431307e-29   7.51077793206867159e-123
8.20733086588221994e+00   9.98345447306846771e-55   2.24357466358350525e+11   1.54593957350741856e-10   7.63546214014634123e-30   1.86597828629278568e-125   6.28318713661012262e-10   1.46733163477527118e-29   1.86597828629278568e-125
8.29986607948355193e+00   1.78568311275031117e-55   2.24516470534526825e+11   6.33270360936929491e-11   1.34098156017988489e-30   4.10745335713828349e-128   2.61938053237427160e-10   2.61707926073220971e-30   4.10745335713828349e-128
8.39333128744274681e+00   3.08387646516027721e-56   2.24665442112408630e+11   2.54776785565761841e-11   2.27384170939023025e-31   7.98893192121367072e-131   1.07253961509770509e-10   4.50747023304947870e-31   7.98893192121367072e-131
8.48773583635848716e+00   5.13924252479465204e-57   2.24804471546083160e+11   1.00640463500229898e-11   3.72039626915009882e-32   1.37006273889787457e-133   4.31212182292886892e-11   7.49229949277927455e-32   1.37006273889787457e-133
8.58308916676433853e+00   8.25765958620660344e-58   2.24933649222872681e+11   3.90163473803303522e-12   5.86889066429998939e-33   2.06575156279848488e-136   1.70157235549097060e-11   1.20090300675406721e-32   2.06575156279848488e-136
8.67940081407279784e+00   1.27851516886752073e-58   2.25053065446605286e+11   1.48404545170590140e-12   8.92066321645492041e-34   2.73255426204802268e-139   6.58803224227994741e-12   1.85500379089526968e-33   2.73255426204802268e-139
8.77668040952885953e+00   1.90579373750359147e-59   2.25162810421415222e+11   5.53586213919819879e-13   1.30539741870554983e-34   3.16159098752725008e-142   2.50159800385253576e-12   2.75901315943558972e-34   3.16159098752725008e-142
8.87493768117313486e+00   2.73287753366543413e-60   2.25262974236053009e+11   2.02434111686367527e-13   1.83758082087504959e-35   3.19053918719810746e-145   9.31232713230147654e-13   3.94808042902649468e-35   3.19053918719810746e-145
8.97418245481467025e+00   3.76797028492502029e-61   2.25353646848691376e+11   7.25479788502136111e-14   2.48701627368051681e-36   2.80304400971155660e-148   3.39749689867309389e-13   5.43260719661456421e-36   2.80304400971155660e-148
9.07442465501353190e+00   4.98910421930803812e-62   2.25434918072220551e+11   2.54651282520369517e-14   3.23238471535989932e-37   2.13491453424295120e-151   1.21410639870181511e-13   7.17964887939010972e-37   2.13491453424295120e-151
9.17567430607327950e+00   6.34058725112743956e-63   2.25506877560009491e+11   8.75237223170899720e-15   4.03223103525635166e-38   1.40696997849480701e-154   4.24844601076067972e-14   9.10820310338915023e-38   1.40696997849480701e-154
9.27794153304338920e+00   7.72766752391198790e-64   2.25569614792127106e+11   2.94422538119669821e-15   4.82354543658882214e-39   7.99836796860586762e-158   1.45507307234184242e-14   1.10819166093861127e-38   7.99836796860586762e-158
9.38123656273178419e+00   9.02522253513471698e-65   2.25623219062013428e+11   9.68986873701486203e-16   5.52924024629434075e-40   3.91196963374024681e-161   4.87591577689039287e-15   1.29218918721695401e-39   3.91196963374024681e-161
9.48556972472750992e+00   1.00898373088531802e-65   2.25667779463585571e+11   3.11834184034450243e-16   6.06692503102587130e-41   1.63980350609113701e-164   1.59772514835368369e-15   1.44241535017478370e-40   1.63980350609113701e-164
9.59095145243371228e+00   1.07893273960570600e-66   2.25703384878758179e+11   9.80887021581396023e-17   6.36713650081150753e-42   5.87510523700746273e-168   5.11743144018063746e-16   1.54018418264706395e-41   5.87510523700746273e-168
9.69739228411098253e+00   1.10250006634650933e-67   2.25730123965391693e+11   3.01435410228889346e-17   6.38531927393844205e-43   1.79315763422287955e-171   1.60138739299932248e-16   1.57166859534068297e-42   1.79315763422287955e-171
9.80490286393118637e+00   1.07549498928341635e-68   2.25748085145621552e+11   9.04545801537412620e-18   6.11302098431775395e-44   4.64606978710348261e-175   4.89345985346890921e-17   1.53117414344066098e-43   4.64606978710348261e-175
9.91349394304189779e+00   1.00099132770245242e-69   2.25757356594599335e+11   2.64971705029523798e-18   5.58357683916831388e-45   1.01982202666170402e-178   1.45975843237107227e-17   1.42333813756086496e-44   1.01982202666170402e-178
1.00231763806415231e+01   8.87617152273570639e-71   2.25758026229594543e+11   7.57153294687544134e-19   4.85884216292908514e-46   1.88688360323214868e-182   4.24790942151167056e-18   1.26063843701268293e-45   1.88688360323214868e-182
1.01339611450652214e+01   7.49447461095290732e-72   2.25750181699479095e+11   2.10986774655206779e-19   4.02592303878534321e-47   2.93666845516724121e-186   1.20550470182688152e-18   1.06320413742880461e-46   2.93666845516724121e-186
1.02458593148817609e+01   6.01744757218184074e-73   2.25733910374569153e+11   5.72960419700672368e-20   3.17209139463420524e-48   3.82698541190191970e-190   3.33406082878958914e-19   8.52746227141473154e-48   3.82698541190191970e-190
1.03588820800013686e+01   4.59089779554134323e-74   2.25709299336810638e+11   1.51571732876094519e-20   2.37483524538820934e-49   4.16432953191798867e-194   8.98285304763204484e-20   6.49915068156909533e-49   4.16432953191798867e-194
