0.00000000000000000e+00   7.69618255037939973e-19   0.00000000000000000e+00   0.00000000000000000e+00   0.00000000000000000e+00   0.00000000000000000e+00   0.00000000000000000e+00   0.00000000000000000e+00   0.00000000000000000e+00
1.00501670841679491e-02   7.64615094515570978e-19   8.71518878566831723e+06   3.20035539494425720e+04   7.49080947783828833e+03   8.53931802032545733e+01   3.88439350977392314e+04   7.58803154232284305e+03   8.53931802032545733e+01
2.02013400267557763e-02   7.59387477326088700e-19   3.45141005460352898e+07   1.26483560475570033e+05   2.92398684867978154e+04   3.15820159472055423e+02   1.53127598916234158e+05   2.96023942258001734e+04   3.15820159472055423e+02
3.04545339535169379e-02   7.53943105802461496e-19   7.68848297710142136e+07   2.81119389967025782e+05   6.41752296702648746e+04   6.56173602543797756e+02   3.39471383769037086e+05   6.49351079310424539e+04   6.56173602543797756e+02
4.08107741923882106e-02   7.48280031348602866e-19   1.35326085364913732e+08   4.93558327767906885e+05   1.11242731438602350e+05   1.07574268134777321e+03   5.94486594629010302e+05   1.12500361104539974e+05   1.07574268134777321e+03
5.12710963760241167e-02   7.42392142498881209e-19   2.09347000689816087e+08   7.61414861868944252e+05   1.69404545511808072e+05   1.54778259842497846e+03   9.14772858850932913e+05   1.71232627350358467e+05   1.54778259842497846e+03
6.18365465453596386e-02   7.36283440357755114e-19   2.98466946765444517e+08   1.08227539793293457e+06   2.37644907799792738e+05   2.04941775256421761e+03   1.29692841591217252e+06   2.40092301803982933e+05   2.04941775256421761e+03
7.25081812542163195e-02   7.29961781487008879e-19   4.02215348575204730e+08   1.45370346906975540e+06   3.14974535028409795e+05   2.56143151051304494e+03   1.73755945233260887e+06   3.18069909965513274e+05   2.56143151051304494e+03
8.32870676749586369e-02   7.23418479230788967e-19   5.20131504428851664e+08   1.87322656556299957e+06   4.00415280432658736e+05   3.06734550173709295e+03   2.23325084348795563e+06   4.04169836055650725e+05   3.06734550173709295e+03
9.41742837052104154e-02   7.16659648214333303e-19   6.51764408333046436e+08   2.33835732398288511e+06   4.93022870117074868e+05   3.55396481862953715e+03   2.78061032952460460e+06   4.97433615027122316e+05   3.55396481862953715e+03
1.05170918075647490e-01   7.09679468917794456e-19   7.96672575321783900e+08   2.84657151254531369e+06   5.91863785416613915e+05   4.01026319918364834e+03   3.37622258509835508e+06   5.96915689271768439e+05   4.01026319918364834e+03
1.16278070458871285e-01   7.02492443480986181e-19   9.54423869699423671e+08   3.39535564405888040e+06   6.96058750447679195e+05   4.42845153742982438e+03   4.01674065966198035e+06   7.01727987612496247e+05   4.42845153742982438e+03
1.27496851579375736e-01   6.95097667682938760e-19   1.12459533614983153e+09   3.98215954394571949e+06   8.04736681323642842e+05   4.80222107389082612e+03   4.69879144923835620e+06   8.10992094695264124e+05   4.80222107389082612e+03
1.38828383324621774e-01   6.87488066027127544e-19   1.30677303366580701e+09   4.60439393012463488e+06   9.17036419514811365e+05   5.12671097277474746e+03   5.41897505279309303e+06   9.23840951114469208e+05   5.12671097277474746e+03
1.50273798857227137e-01   6.79675130155251894e-19   1.50055187225374627e+09   5.25950263336018100e+06   1.03216321938686748e+06   5.39968414567681066e+03   6.17399347020007297e+06   1.03947655085929332e+06   5.39968414567681066e+03
1.61834242728283062e-01   6.71663170054251736e-19   1.70553545236909485e+09   5.94490703315852489e+06   1.14934059512895555e+06   5.61996906728754766e+03   6.96054620975850709e+06   1.15712020359727531e+06   5.61996906728754766e+03
1.73510870991810284e-01   6.63453966990160771e-19   1.92133590703900146e+09   6.65801146646570787e+06   1.26781541304870625e+06   5.78744612802659958e+03   7.77534070016765501e+06   1.27601761603375315e+06   5.78744612802659958e+03
1.85304851320365449e-01   6.55044346983118927e-19   2.14757374662905598e+09   7.39618353481918108e+06   1.38684563267217414e+06   5.90268240648243227e+03   8.61506033246927150e+06   1.39542625886399578e+06   5.90268240648243227e+03
1.97217363121810152e-01   6.46445326045889320e-19   2.38387770621186829e+09   8.15685641059136949e+06   1.50576685358615383e+06   5.96799002822127477e+03   9.47653257634897716e+06   1.51468301926502353e+06   5.96799002822127477e+03
2.09249597657251485e-01   6.37663958112320376e-19   2.62988459549574137e+09   8.93745549260562472e+06   1.62393867159827030e+06   5.98612589192371343e+03   1.03566019409499653e+07   1.63314922266672319e+06   5.98612589192371343e+03
2.21402758160169855e-01   6.28696186760431449e-19   2.88523915127239227e+09   9.73533082685624994e+06   1.74070626606041519e+06   5.95965806394727952e+03   1.12520245969271958e+07   1.75017155592005444e+06   5.95965806394727952e+03
2.33678059956743178e-01   6.19559302533397941e-19   3.14959389234347343e+09   1.05479954067403059e+07   1.85553963766712183e+06   5.89293255386229521e+03   1.21598435531703327e+07   1.86522338067415380e+06   5.89293255386229521e+03
2.46076730587380776e-01   6.10246941979207918e-19   3.42260897688595676e+09   1.13727862765986286e+07   1.96783548678856948e+06   5.78904864722812908e+03   1.30768547905514501e+07   1.97770343277815008e+06   5.78904864722812908e+03
2.58600009929478070e-01   6.00766274080426162e-19   3.70395206221738148e+09   1.22071532126931306e+07   2.07708293650453840e+06   5.65215683941328825e+03   1.40000586937450357e+07   2.08710397482218384e+06   5.65215683941328825e+03
2.71249150321404731e-01   5.91129891643850114e-19   3.99329816692228317e+09   1.30486300360589232e+07   2.18283801616395870e+06   5.48680534430203261e+03   1.49266056479681730e+07   2.19298461267157691e+06   5.48680534430203261e+03
2.84025416687741394e-01   5.81339668752589739e-19   4.29032953530211449e+09   1.38946598568980135e+07   2.28463306492963666e+06   5.29686814811470776e+03   1.58535329084635824e+07   2.29488054859578144e+06   5.29686814811470776e+03
2.96930086665771809e-01   5.71402032310339719e-19   4.59473550411112881e+09   1.47427525298061091e+07   2.38205763728384301e+06   5.08642569895940323e+03   1.67780008878064491e+07   2.39238443862169096e+06   5.08642569895940323e+03
3.09964450733247521e-01   5.61326145384848346e-19   4.90621237154143620e+09   1.55904840637578107e+07   2.47475303422301123e+06   4.85956813466304538e+03   1.76972868747363724e+07   2.48514072655391274e+06   4.85956813466304538e+03
3.23129812337437095e-01   5.51119447556989353e-19   5.22446326842136765e+09   1.64354423945226055e+07   2.56238448885490419e+06   4.62008707660308028e+03   1.86087037160752937e+07   2.57281749726656871e+06   4.62008707660308028e+03
3.36427488025472288e-01   5.40791000988367705e-19   5.54919803159118652e+09   1.72752787215387151e+07   2.64466254783841409e+06   4.37162107962685786e+03   1.95096716779766008e+07   2.65512802659279620e+06   4.37162107962685786e+03
3.49858807576003183e-01   5.30343112938242725e-19   5.88013307942114830e+09   1.81075607435871512e+07   2.72128040692275856e+06   4.11721705125724748e+03   2.03975114731087126e+07   2.73176761368029239e+06   4.11721705125724748e+03
3.63425114132177818e-01   5.19784051589340990e-19   6.21699128943791103e+09   1.89299886554349624e+07   2.79200461756034847e+06   3.85995618822720508e+03   2.12697473441750370e+07   2.80250500936792837e+06   3.85995618822720508e+03
3.77127764335957183e-01   5.09132345417939017e-19   6.55950187802425098e+09   1.97405326025479771e+07   2.85671905890569370e+06   3.60304769665174445e+03   2.21242857495047562e+07   2.86722654167140927e+06   3.60304769665174445e+03
3.90968128463780484e-01   4.98380381705200243e-19   6.90740028215998268e+09   2.05366574154891483e+07   2.91512654584275372e+06   3.34826919880955711e+03   2.29583557108008303e+07   2.92563582470250409e+06   3.34826919880955711e+03
4.04947590563593973e-01   4.87557560106376673e-19   7.26042804317011833e+09   2.13167084516576789e+07   2.96727027269814396e+06   3.09860953811048330e+03   2.37703908255706280e+07   2.97777845189424232e+06   3.09860953811048330e+03
4.19067548593257566e-01   4.76652773796301291e-19   7.61833269244831944e+09   2.20781356678790599e+07   3.01287621162329754e+06   2.85516381746477691e+03   2.45576285426655561e+07   3.02338051400944497e+06   2.85516381746477691e+03
4.33329414560340576e-01   4.65693399386703422e-19   7.98086763912372303e+09   2.28194099248721674e+07   3.05203999731379468e+06   2.62015278694103608e+03   2.53186774063406736e+07   3.06253933826003596e+06   2.62015278694103608e+03
4.47734614663324759e-01   4.54671143917004121e-19   8.34779205963995743e+09   2.35381126278201751e+07   3.08455976622709399e+06   2.39428782783839597e+03   2.60509759547774047e+07   3.09505286296951072e+06   2.39428782783839597e+03
4.62284589434224902e-01   4.43611697585244501e-19   8.71887078921473885e+09   2.42328548253653087e+07   3.11058092044904968e+06   2.17910274504281733e+03   2.67533194259192012e+07   3.12106756433781190e+06   2.17910274504281733e+03
4.76980793882642917e-01   4.32515840033597291e-19   9.09387421515053940e+09   2.49015917710965127e+07   3.13003800078600273e+06   1.97511024463592548e+03   2.74236491372143626e+07   3.14051775788479298e+06   1.97511024463592548e+03
4.91824697641270570e-01   4.21400911131310580e-19   9.47257817196594238e+09   2.55428801737931892e+07   3.14305552044297708e+06   1.78305226544096286e+03   2.80606857089639790e+07   3.15352822425820027e+06   1.78305226544096286e+03
5.06817785112853691e-01   4.10269890069475266e-19   9.85476383831800842e+09   2.61548705236102864e+07   3.14963636605493771e+06   1.60309615440951598e+03   2.86626300422768109e+07   3.16010137425852800e+06   1.60309615440951598e+03
5.21961555618634110e-01   3.99132274272101197e-19   1.02402176356870823e+10   2.67359996969731301e+07   3.14987175351506984e+06   1.43540133240997625e+03   2.92280519417541772e+07   3.16032806853722595e+06   1.43540133240997625e+03
5.37257523548281712e-01   3.88006025004745387e-19   1.06287311287954350e+10   2.72851412262040600e+07   3.14396979229657305e+06   1.28011219689244695e+03   2.97560655925999358e+07   3.15441623692458542e+06   1.28011219689244695e+03
5.52707218511336418e-01   3.76899004211773777e-19   1.10201009277310543e+10   2.78008785524188206e+07   3.13205214057508903e+06   1.13701339728670905e+03   3.02454145641547889e+07   3.14248688039391208e+06   1.13701339728670905e+03
5.68312185490169153e-01   3.65824146543205098e-19   1.14141285917503185e+10   2.82821055190195553e+07   3.11431764754886739e+06   1.00585632160908949e+03   3.06952234659442380e+07   3.12473829453431210e+06   1.00585632160908949e+03
5.84073984994482043e-01   3.54788413442811257e-19   1.18106205347300491e+10   2.87275464846942760e+07   3.09091600319664739e+06   8.86196810442286960e+02   3.11044018475600518e+07   3.10131935488829203e+06   8.86196810442286960e+02
5.99994193217360472e-01   3.43799524855597011e-19   1.22093879322447491e+10   2.91360351387651898e+07   3.06202131809805986e+06   7.77535672229131819e+02   3.14719907618435510e+07   3.07240335536313010e+06   7.77535672229131819e+02
6.16074402192893666e-01   3.32870352565863731e-19   1.26102466302409744e+10   2.95067624532691948e+07   3.02788562045827555e+06   6.79374950705026777e+02   3.17974587940974422e+07   3.03824166410244489e+06   6.79374950705026777e+02
6.32316219955379344e-01   3.22020610187537207e-19   1.30130170552828884e+10   2.98394415140169114e+07   2.98886366040192591e+06   5.91219007487536260e+02   3.20808878973484822e+07   2.99918859450905258e+06   5.91219007487536260e+02
6.48721270700128416e-01   3.11250546412310765e-19   1.34175241263444748e+10   3.01328447609227002e+07   2.94508655249795038e+06   5.12336304301003338e+02   3.23212162335810177e+07   2.95537420487165684e+06   5.12336304301003338e+02
6.65291194945886843e-01   3.00568521797099289e-19   1.38235971681226463e+10   3.03862585407457165e+07   2.89679506319363043e+06   4.42077861894186015e+02   3.25179944458257034e+07   2.90703850804604171e+06   4.42077861894186015e+02
6.82027649698886851e-01   2.89992349978106323e-19   1.42310698258458824e+10   3.05996830298551247e+07   2.84436323693617992e+06   3.79854392729968936e+02   3.26716044591905102e+07   2.85455515209940821e+06   3.79854392729968936e+02
6.98932308618551046e-01   2.79534624316560342e-19   1.46397799815553780e+10   3.07729782012618035e+07   2.78811288985920930e+06   3.25023103085629430e+02   3.27822386928276196e+07   2.79824544875373179e+06   3.25023103085629430e+02
7.16006862184858761e-01   2.69191260447049699e-19   1.50495696718337536e+10   3.09049813102808371e+07   2.72815639317390602e+06   2.76861923682258919e+02   3.28488803615205660e+07   2.73822077736313920e+06   2.76861923682258919e+02
7.33253017867395718e-01   2.58985263808728341e-19   1.54602850069576435e+10   3.09965012745646611e+07   2.66496895678969705e+06   2.34827017938772883e+02   3.28728029426810592e+07   2.67495633714807872e+06   2.34827017938772883e+02
7.50672500296101441e-01   2.48922953925514967e-19   1.58717760914519577e+10   3.10473595084439963e+07   2.59881545605372218e+06   1.98300985529536973e+02   3.28541041005467549e+07   2.60871652266164962e+06   1.98300985529536973e+02
7.68267051433735526e-01   2.39010147191876673e-19   1.62838969460215740e+10   3.10574373015472218e+07   2.52995846750775166e+06   1.66702993402993940e+02   3.27929377457665093e+07   2.53976349575773301e+06   1.66702993402993940e+02
7.86038430750074069e-01   2.29259045968195330e-19   1.66965054308392773e+10   3.10272525948969200e+07   2.45875202367328061e+06   1.39511420210008083e+02   3.26901712895776331e+07   2.46845119023455540e+06   1.39511420210008083e+02
8.03988415397857370e-01   2.19673672628200768e-19   1.71094631701665668e+10   3.09567949781742506e+07   2.38544239837367414e+06   1.16214008819253863e+02   3.25460480284480564e+07   2.39502558417958347e+06   1.16214008819253863e+02
8.22118800390509552e-01   2.10266869659176750e-19   1.75226354782865906e+10   3.08469463027641512e+07   2.31040033495586738e+06   9.63624467147016333e+01   3.23618073019683287e+07   2.31985754234864004e+06   9.63624467147016333e+01
8.40431398781638084e-01   2.01045047889081601e-19   1.79358912867272568e+10   3.06981926723496653e+07   2.23391006690320373e+06   7.95279230653493556e+01   3.21382150975519419e+07   2.24323128374267975e+06   7.95279230653493556e+01
8.58928041846342527e-01   1.92012592950885140e-19   1.83491030727531090e+10   3.05109489853854701e+07   2.15622763315008953e+06   6.53183872101223386e+01   3.18759395407233946e+07   2.16540284398913430e+06   6.53183872101223386e+01
8.77610579264344048e-01   1.83178375721952490e-19   1.87621467891057968e+10   3.02862012148389407e+07   2.07767220773158222e+06   5.33882591796235175e+01   3.15762694186337329e+07   2.08669166096982965e+06   5.33882591796235175e+01
8.96480879304952127e-01   1.74551412067880814e-19   1.91749017949726677e+10   3.00251376269649304e+07   1.99856508406454092e+06   4.34260865660382436e+01   3.12406928141670041e+07   2.00741939970562095e+06   4.34260865660382436e+01
9.15540829013896884e-01   1.66133785942225433e-19   1.95872507881623878e+10   2.97283642658672258e+07   1.91912681845406163e+06   3.51459797034759660e+01   3.08700283133412674e+07   1.92780678960068943e+06   3.51459797034759660e+01
9.34792334402032132e-01   1.57935080587947593e-19   1.99990797384694633e+10   2.93974557178187445e+07   1.83968322590981401e+06   2.83034640739731280e+01   3.04661450113285556e+07   1.84818022273906716e+06   2.83034640739731280e+01
9.54237320635940023e-01   1.49954923124283828e-19   2.04102778222060738e+10   2.90330004886572808e+07   1.76041327802459896e+06   2.26747814264843761e+01   3.00298022317354307e+07   1.76871889384830627e+06   2.26747814264843761e+01
9.73877732230448379e-01   1.42199931242245707e-19   2.08207373578840256e+10   2.86365312233421467e+07   1.68159314092919463e+06   1.80708634215156962e+01   2.95627777387481034e+07   1.68969957503854157e+06   1.80708634215156962e+01
9.93715533243083149e-01   1.34674377949832649e-19   2.12303537430270119e+10   2.82094678593709990e+07   1.60346087564057577e+06   1.43257576723027356e+01   2.90667007056811266e+07   1.61136090566805867e+06   1.43257576723027356e+01
1.01375270747047752e+00   1.27381631614299889e-19   2.16390253920937881e+10   2.77532682961520217e+07   1.52623652087130793e+06   1.12959983295544006e+01   2.85432188647483513e+07   1.53392353023862839e+06   1.12959983295544006e+01
1.03399125864675145e+00   1.20323360271194719e-19   2.20466536754960823e+10   2.72693001578269862e+07   1.45010977407348948e+06   8.85820915411265020e+00   2.79938610761938877e+07   1.45757773028469365e+06   8.85820915411265020e+00
1.05443321064388851e+00   1.13503338523877313e-19   2.24531428596907120e+10   2.67593737566257082e+07   1.37529559805945284e+06   6.90827264726368284e+00   2.74206128356733471e+07   1.38253921983198263e+06   6.90827264726368284e+00
1.07508060767412372e+00   1.06923439164945122e-19   2.28584000483307953e+10   2.62251899817313291e+07   1.30197494181881566e+06   5.35751995533825909e+00   2.68253182841482386e+07   1.30898966099734814e+06   5.35751995533825909e+00
1.09593551449436566e+00   1.00581986108919172e-19   2.32623351244558525e+10   2.56680269983375147e+07   1.23026980559968064e+06   4.13085541441045567e+00   2.62093498226370960e+07   1.23705161988038803e+06   4.13085541441045567e+00
1.11700001661267567e+00   9.44787562674666392e-20   2.36648606937062683e+10   2.50894819661290683e+07   1.16031693427377823e+06   3.16619833438502285e+00   2.55744052540891469e+07   1.16686252085382701e+06   3.16619833438502285e+00
1.13827622049681976e+00   8.86176849658102337e-20   2.40658920285433846e+10   2.44920045665777437e+07   1.09230799817991885e+06   2.41266552332153417e+00   2.49230679195283577e+07   1.09861500018799631e+06   2.41266552332153417e+00
1.15976625378491605e+00   8.29956569495876616e-20   2.44653470134591370e+10   2.38769981397959627e+07   1.02632323077284661e+06   1.82736030018032514e+00   2.42567888271820806e+07   1.03238988689601026e+06   1.82736030018032514e+00
1.18147226549820195e+00   7.76119617773092383e-20   2.48631460911598854e+10   2.32463862627009600e+07   9.62471498400776298e+05   1.37558004195715156e+00   2.35775542453369051e+07   9.68296810992181185e+05   1.37558004195715156e+00
1.20339642625593779e+00   7.24657151293379899e-20   2.52592122097062836e+10   2.26021986467512362e+07   9.00852053949697642e+05   1.02910719706628573e+00   2.28874435773156621e+07   9.06435808935077512e+05   1.02910719706628573e+00
1.22554092849246876e+00   6.75521459195567427e-20   2.56534707705951500e+10   2.19458052833049111e+07   8.41499495491812937e+05   7.64956237084295831e-01   2.21878279763498679e+07   8.46842030480072019e+05   7.64956237084295831e-01
1.24790798667647218e+00   6.28703100606908416e-20   2.60458495777670975e+10   2.12794336634855457e+07   7.84498258357273415e+05   5.64955685282310327e-01   2.14809634786110260e+07   7.89600726896843640e+05   5.64955685282310327e-01
1.27049983753240703e+00   5.84150079477056914e-20   2.64362787875246620e+10   2.06045191157677658e+07   7.29862923940768465e+05   4.14462177789024167e-01   2.07682636997786611e+07   7.34727020674277213e+05   4.14462177789024167e-01
1.29331874026418392e+00   5.41847030931991336e-20   2.68246908593450127e+10   1.99233849953980558e+07   6.77655616185429157e+05   3.02040576270913852e-01   2.00520543299242556e+07   6.82283838782289997e+05   3.02040576270913852e-01
1.31636697678109282e+00   5.01742418867486410e-20   2.72110205075746613e+10   1.92376394911261424e+07   6.27878463228549808e+05   2.18611434106961877e-01   1.93339036195015348e+07   6.32273862994744326e+05   2.18611434106961877e-01
1.33964685192599209e+00   4.63801942596843616e-20   2.75952046539883347e+10   1.85493737772267163e+07   5.80552729469313053e+05   1.57145188766251054e-01   1.86158687337203510e+07   5.84719037188313669e+05   1.57145188766251054e-01
1.36316069370579607e+00   4.27954026534117476e-20   2.79771823812006035e+10   1.78598023209021501e+07   5.35638846231156960e+05   1.12152681240191690e-01   1.78990915401321799e+07   5.39580182517782319e+05   1.12152681240191690e-01
1.38691085352427779e+00   3.94149907790096853e-20   2.83568948869137573e+10   1.71707380258835517e+07   4.93125131746632047e+05   7.94609818742713220e-02   1.71853240337454788e+07   4.96846166755817947e+05   7.94609818742713220e-02
1.41089970641721107e+00   3.62347267152296381e-20   2.87342854389905777e+10   1.64842494827243015e+07   4.53003728572391788e+05   5.58912092034730135e-02   1.64765702489306182e+07   4.56509728056614695e+05   5.58912092034730135e-02
1.43512965128987569e+00   3.32479498606609022e-20   2.91092993313349266e+10   1.58017731864222009e+07   4.15226078771181346e+05   3.90202876481858668e-02   1.57741774563111495e+07   4.18522692372427438e+05   3.90202876481858668e-02
1.45960311115695118e+00   3.04483237044423785e-20   2.94818838405697212e+10   1.51248379580597095e+07   3.79743572826124611e+05   2.70352188636531661e-02   1.50795822118753344e+07   3.82836837175897323e+05   2.70352188636531661e-02
1.48432253338481779e+00   2.78291780492061307e-20   2.98519881834982948e+10   1.44548664689942338e+07   3.46498281225273502e+05   1.85860172055079889e-02   1.43941078896379545e+07   3.49394565790662775e+05   1.85860172055079889e-02
1.50929038993629927e+00   2.53837327072364567e-20   3.02195634753338280e+10   1.37932272622529995e+07   3.15426546602436109e+05   1.26760443060687528e-02   1.37190189481013995e+07   3.18132515087979147e+05   1.26760443060687528e-02
1.53450917761785588e+00   2.31052837980848003e-20   3.05845626886869698e+10   1.31412904606047068e+07   2.86461972280302842e+05   8.57549014780450286e-03   1.30555781423117984e+07   2.88984559048527502e+05   8.57549014780450286e-03
1.55998141832927306e+00   2.09881480408010076e-20   3.09469406132983971e+10   1.25007906409638990e+07   2.59549098670407286e+05   5.75506033645112498e-03   1.24054131769426391e+07   2.61895577139114990e+05   5.75506033645112498e-03
1.58570965931584773e+00   1.90234003304316135e-20   3.13066538165019073e+10   1.18722058111519702e+07   2.34583133858804416e+05   3.82938840018327278e-03   1.17688795772193298e+07   2.36760767853971221e+05   3.82938840018327278e-03
1.61169647342311917e+00   1.72048563990686091e-20   3.16636606044079437e+10   1.12569629379584193e+07   2.11495478823660465e+05   2.52638191198626717e-03   1.11472918378512673e+07   2.13511747838576412e+05   2.52638191198626717e-03
1.63794445935415434e+00   1.55257017239935413e-20   3.20179209837942810e+10   1.06562003395039383e+07   1.90205924974807451e+05   1.65241948721291695e-03   1.05416716261101346e+07   1.92068426358268858e+05   1.65241948721291695e-03
1.66445624192941866e+00   1.39787804510297252e-20   3.23693966246931953e+10   1.00708288213681709e+07   1.70627199350458803e+05   1.07132619929236868e-03   9.95281193785222992e+06   1.72343571917748020e+05   1.07132619929236868e-03
1.69123447234926427e+00   1.25568469781284478e-20   3.27180508236620255e+10   9.50160075847640075e+06   1.52668874099218461e+05   6.88351040995201398e-04   9.38134829776375182e+06   1.54246743202142476e+05   6.88351040995201398e-04
1.71828182845904731e+00   1.12524417910341512e-20   3.30638484677263718e+10   8.94901414185711183e+06   1.36236001853291586e+05   4.38161118976837234e-04   8.82766421531849355e+06   1.37682906927964767e+05   4.38161118976837234e-04
1.74560101501691856e+00   1.00594981336161929e-20   3.34067559989848633e+10   8.41411996506063454e+06   1.21251405284577399e+05   2.76337610993511950e-04   8.29269834080175031e+06   1.22574909851084274e+05   2.76337610993511950e-04
1.77319476396429998e+00   8.97069681254063392e-21   3.37467413798639450e+10   7.89718674489820562e+06   1.07619530960565142e+05   1.72606880845329382e-04   7.77661016901503690e+06   1.08827033548837207e+05   1.72606880845329382e-04
1.80106583469908132e+00   7.97981285245977853e-21   3.40837740590123215e+10   7.39889210067268834e+06   9.52588432022474299e+04   1.06778404716465134e-04   7.27997073941324465e+06   9.63576558967183519e+04   1.06778404716465134e-04
1.82921701435156159e+00   7.07991356354886692e-21   3.44178249378223495e+10   6.91932134629778471e+06   8.40775327060159034e+04   6.53921886835050046e-05   6.80276515291939862e+06   8.50747469057318813e+04   6.53921886835050046e-05
1.85765111806316563e+00   6.26538632576326593e-21   3.47488663375720901e+10   6.45915538069146127e+06   7.40009840971836675e+04   3.96517612167127210e-05   6.34557439690509625e+06   7.49035845042307337e+04   3.96517612167127210e-05
1.88637098926796032e+00   5.52945770050587964e-21   3.50768719671716537e+10   6.01812562842627708e+06   6.49387573340523886e+04   2.37909800824729808e-05   5.90804114946735185e+06   6.57534264046746830e+04   2.37909800824729808e-05
1.91537949997699863e+00   4.86689936436874055e-21   3.54018168915091782e+10   5.59674809124418441e+06   5.68207141880928029e+04   1.41276743487695455e-05   5.49059068396981712e+06   5.75539818338103214e+04   1.41276743487695455e-05
1.94467955106552592e+00   4.27184351299963346e-21   3.57236775003825073e+10   5.19487349016416818e+06   4.95681864375575969e+04   8.29990516638703586e-06   5.09299354008165002e+06   5.02262994302971420e+04   8.29990516638703586e-06
1.97427407256306786e+00   3.73890214184701050e-21   3.60424314780090942e+10   4.81242526599308103e+06   4.31088927258308468e+04   4.82299269177176061e-06   4.71509745293926261e+06   4.36978300824586404e+04   4.82299269177176061e-06
2.00416602394643517e+00   3.26305501779569337e-21   3.63580577731020050e+10   4.44934726159555186e+06   3.73754699999211080e+04   2.77173859844571860e-06   4.35677505274764355e+06   3.79009475714078289e+04   2.77173859844571860e-06
2.03435839443567756e+00   2.83923375037398107e-21   3.66705365695056229e+10   4.10524637368257297e+06   3.23002229733741115e+04   1.57457318022857083e-06   4.01757164423102373e+06   3.27676400069849660e+04   1.57457318022857083e-06
2.06485420329300418e+00   2.46306113410239281e-21   3.69798492573775253e+10   3.78003566336687235e+06   2.78245871385193022e+04   8.84223700705052690e-07   3.69733919294211268e+06   2.82390821748442431e+04   8.84223700705052690e-07
2.09565650012471405e+00   2.13019891002321017e-21   3.72859784049113922e+10   3.47337777417414635e+06   2.38908343827359677e+04   4.90740170664010032e-07   3.39568758545822743e+06   2.42572493156609380e+04   4.90740170664010032e-07
2.12676836518615842e+00   1.83647312584126404e-21   3.75889077305883789e+10   3.18476398355552275e+06   2.04437531017205729e+04   2.69048024642819838e-07   3.11206314837038238e+06   2.07666156879220944e+04   2.69048024642819838e-07
2.15819290968977029e+00   1.57826528214965393e-21   3.78886220759505005e+10   2.91394624769836152e+06   1.74354699903462351e+04   1.45731769777322169e-07   2.84617290243658330e+06   1.77190409784816111e+04   1.45731769777322169e-07
2.18993327611618716e+00   1.35197750908791245e-21   3.81851073788847198e+10   2.66038066878589056e+06   1.48188250368516346e+04   7.79620234774560984e-08   2.59743768214513641e+06   1.50670640957265477e+04   7.79620234774560984e-08
2.22199263852850271e+00   1.15422826066237430e-21   3.84783506474124832e+10   2.42341288061598735e+06   1.25498266631975457e+04   4.11695167734377306e-08   2.36517460907905130e+06   1.27663900843287647e+04   4.11695167734377306e-08
2.25437420288967383e+00   9.82076368952355438e-22   3.87683399339715500e+10   2.20259186654156027e+06   1.05902972168762044e+04   2.14603307380840103e-08   2.14890432537231408e+06   1.07785769472941356e+04   2.14603307380840103e-08
2.28708120738312104e+00   8.32694987712439420e-22   3.90550643101858826e+10   1.99727547980975383e+06   8.90390860687387794e+03   1.10381089575659763e-08   1.94796414733724110e+06   9.06701961855952686e+03   1.10381089575659763e-08
2.32011692273654990e+00   7.03578202520925070e-22   3.93385138421125565e+10   1.80692798885792401e+06   7.45861063570356600e+03   5.60214909467117496e-09   1.76179928039933532e+06   7.59941660593518282e+03   5.60214909467117496e-09
2.35348465254902672e+00   5.92324090684408166e-22   3.96186795659600296e+10   1.63081101781239151e+06   6.22404465759742379e+03   2.80389122065449919e-09   1.58966029284518026e+06   6.34514777761979167e+03   2.80389122065449919e-09
2.38718773362133785e+00   4.96827195417996800e-22   3.98955534642654572e+10   1.46830087437684345e+06   5.17375041028510350e+03   1.38368168427439767e-09   1.43091327529150131e+06   5.27751858434332007e+03   1.38368168427439767e-09
2.42122953628967652e+00   4.15167540744179647e-22   4.01691284425292282e+10   1.31874395668773609e+06   4.28381814382565972e+03   6.73101471064096943e-10   1.28489815748531744e+06   4.37239512315499269e+03   6.73101471064096943e-10
2.45561346476267861e+00   3.45613119856145306e-22   4.04393983062929459e+10   1.18148326886153989e+06   3.53287315902813680e+03   3.22707899278766456e-10   1.15095441361752292e+06   3.60819170807256751e+03   3.22707899278766456e-10
2.49034295746184409e+00   2.86574671104530015e-22   4.07063577386580124e+10   1.05578512424649601e+06   2.90152689073648980e+03   1.52390502371202388e-10   1.02834937035374425e+06   2.96531542243869490e+03   1.52390502371202388e-10
2.52542148736538552e+00   2.36691919044892863e-22   4.09700022782330704e+10   9.41061096633677487e+05   2.37328282841209739e+03   7.08932690011878123e-11   9.16494479546623304e+05   2.42709204138599853e+03   7.08932690011878123e-11
2.56085256235552405e+00   1.94686102850572326e-22   4.12303282975070496e+10   8.36562380968256970e+05   1.93286183143436688e+03   3.24630051580200539e-11   8.14647024040367454e+05   1.97806373839606408e+03   3.24630051580200539e-11
2.59663972556928480e+00   1.59481882952936256e-22   4.14873329816369171e+10   7.41705625257144915e+05   1.56749124334094063e+03   1.46350860736154145e-11   7.22227585347331944e+05   1.60530573557151388e+03   1.46350860736154145e-11
2.63278655575281295e+00   1.30088163429571965e-22   4.17410143076453476e+10   6.55801601691017742e+05   1.26556785951112192e+03   6.49131826548295673e-12   6.38555370174668729e+05   1.29706634249790113e+03   6.49131826548295673e-12
2.66929666761924755e+00   1.05649792518494239e-22   4.19913710240206528e+10   5.78221940157843404e+05   1.01717708121508292e+03   2.83157565581485014e-12   5.63010513765378273e+05   1.04329906933239931e+03   2.83157565581485014e-12
2.70617371221020209e+00   8.54310076765887394e-23   4.22384026307113266e+10   5.08402412203804066e+05   8.13869843092220435e+02   1.21489045581316457e-12   4.95037033514343260e+05   8.35438170190942969e+02   1.21489045581316457e-12
2.74342137726086621e+00   6.87712134105110001e-23   4.24821093595082626e+10   4.45726582120211504e+05   6.48167475356450609e+02   5.12367327151411993e-13   4.34029374183839653e+05   6.65895132338007897e+02   5.12367327151411993e-13
2.78104338756878455e+00   5.51048080644426774e-23   4.27224921548106918e+10   3.89624680363091407e+05   5.13736911482364690e+02   2.12304865374565537e-13   3.79428526135855587e+05   5.28239964965434297e+02   2.12304865374565537e-13
2.81904350536633919e+00   4.39496908080900474e-23   4.29595526547652512e+10   3.39577278509322146e+05   4.05238576234792447e+02   8.64270578999237458e-14   3.30725430013527453e+05   4.17048056273521183e+02   8.64270578999237458e-14
2.85742553069697847e+00   3.48860644220789373e-23   4.31932931727734070e+10   2.95062111043572077e+05   3.18085250247189776e+02   3.45497990278801430e-14   2.87409082367364026e+05   3.27655269135039532e+02   3.45497990278801430e-14
2.89619330179521883e+00   2.75564008294718351e-23   4.34237166793630524e+10   2.55586700793563621e+05   2.48418255443621433e+02   1.35561205063224083e-14   2.48998163897094608e+05   2.56135303299534428e+02   1.35561205063224083e-14
2.93535069547047689e+00   2.16588980847444639e-23   4.36508267844136887e+10   2.20696693158260925e+05   1.93019614237420143e+02   5.21921606901257211e-15   2.15049031872046908e+05   1.99211378766761641e+02   5.21921606901257211e-15
2.97490162749475262e+00   1.69378483491776414e-23   4.38746277197324219e+10   1.89961772419062851e+05   1.49198151851730955e+02   1.97116837724200416e-15   1.85141912880749296e+05   1.54140881944740954e+02   1.97116837724200416e-15
3.01485005299420550e+00   1.31775166549207433e-23   4.40951243219726791e+10   1.62973627334470570e+05   1.14713651934220678e+02   7.29932925645461944e-16   1.58878831951995788e+05   1.18638789429169080e+02   7.29932925645461944e-16
3.05519996684467898e+00   1.01982305676633056e-23   4.43123220158931961e+10   1.39356699187680206e+05   8.77243718113491155e+01   2.64937313972490638e-16   1.35893991470840381e+05   9.08249347445783712e+01   2.64937313972490638e-16
3.09595540407118008e+00   7.85012001732724826e-24   4.45262267979438858e+10   1.18758580656128965e+05   6.67149921216503259e+01   9.42089912525078289e-17   1.15844357984276197e+05   6.91509455026667865e+01   9.42089912525078289e-17
3.13712044025139658e+00   6.00963631400060565e-24   4.47368452201826324e+10   1.00856996496945809e+05   5.04528998201234131e+01   3.28081766778294418e-17   9.84163969508346054e+04   5.23561683154287394e+01   3.28081766778294418e-17
3.17869919192325057e+00   4.57465303346926759e-24   4.49441843745087128e+10   8.53495918798603379e+04   3.79336549330029342e+01   1.11813780285260296e-17   8.33160808863817801e+04   3.94122646803664551e+01   1.11813780285260296e-17
3.22069581699655672e+00   3.46270528550021606e-24   4.51482518772131119e+10   7.19713102727935184e+04   2.83565164207168436e+01   3.72973886445741747e-18   7.02857705701195518e+04   2.94986990679286301e+01   3.72973886445741747e-18
3.26311451516882212e+00   2.60576182185617124e-24   4.53490558538371887e+10   6.04683889088014839e+04   2.10709296914963105e+01   1.21675144243828570e-18   5.90788579056625167e+04   2.19480569306434390e+01   1.21675144243828570e-18
3.30595952834521079e+00   1.94928021482702251e-24   4.55466049243338547e+10   5.06156313654830665e+04   1.55624178632548471e+01   3.88070961316628543e-19   4.94765598535318713e+04   1.62319829137295031e+01   3.88070961316628543e-19
3.34923514106274567e+00   1.44934504457056526e-24   4.57409081885297165e+10   4.22076606279833504e+04   1.14227521986349760e+01   1.20939735057627668e-19   4.12793785649676574e+04   1.19307528851765952e+01   1.20939735057627668e-19
3.39294568091876148e+00   1.07105130808777376e-24   4.59319752118781433e+10   3.50622560888395165e+04   8.33202531393767210e+00   3.68228731565840173e-20   3.43103406851805848e+04   8.71507782070503012e+00   3.68228731565840173e-20
3.43709551900366961e+00   7.86451111435336020e-25   4.61198160115014114e+10   2.90107296927227289e+04   6.03803570848895088e+00   1.09421073229914468e-20   2.84056022422939677e+04   6.32502136758355071e+00   1.09421073229914468e-20
3.48168907033806985e+00   5.73771259763852199e-25   4.63044410425150299e+10   2.39077687695605928e+04   4.34701948275607464e+00   3.17292624817994322e-21   2.34240445476633286e+04   4.56064375294014646e+00   3.17292624817994322e-21
3.52673079431425762e+00   4.15882742509386010e-25   4.64858611846314316e+10   1.96226593155150367e+04   3.10884676496410073e+00   8.97520127620523600e-22   1.92387129018237938e+04   3.26682169000213829e+00   8.97520127620523600e-22
3.57222519514216419e+00   2.99429347575914433e-25   4.66640877290346451e+10   1.60387750357615114e+04   2.20823347986920959e+00   2.47498651097528705e-22   1.57363166247106765e+04   2.32427142192445491e+00   2.47498651097528705e-22
3.61817682229978566e+00   2.14112066912751235e-25   4.68391323655249634e+10   1.30538525899296801e+04   1.55761739058620963e+00   6.64947967704119467e-23   1.28175018648748701e+04   1.64226575057399149e+00   6.64947967704119467e-23
3.66459027098813106e+00   1.52031155216868176e-25   4.70110071699263077e+10   1.05782409256297015e+04   1.09085702964514963e+00   1.73935845892577311e-23   1.03951480351785485e+04   1.15217191474015901e+00   1.73935845892577311e-23
3.71147018259074635e+00   1.07190705140584570e-25   4.71797245917523956e+10   8.53474230397496649e+03   7.58503784664314784e-01   4.42935973322464718e-24   8.39422247798541321e+03   8.02602721193870994e-01   4.42935973322464718e-24
3.75882124513785953e+00   7.50293266196920116e-26   4.73452974421270599e+10   6.85519014515914569e+03   5.23535842570443721e-01   1.09729660193906115e-24   6.74844109987604315e+03   5.55022198186106874e-01   1.09729660193906115e-24
3.80664819377518437e+00   5.21299089688094183e-26   4.75077388819552155e+10   5.48101347028362034e+03   3.58646772133510261e-01   2.64291617680168223e-25   5.40083020659649355e+03   3.80960978429631281e-01   2.64291617680168223e-25
3.85495581123743936e+00   3.59447867460857287e-26   4.76670624103372269e+10   4.36175446346387707e+03   2.43797829322340343e-01   6.18414695962107760e-26   4.30228536492930107e+03   2.59491235917754359e-01   6.18414695962107760e-26
3.90374892832662823e+00   2.45962816196316865e-26   4.78232818532260132e+10   3.45475673529399955e+03   1.64448566388230133e-01   1.40569005904473587e-26   3.41127799614669266e+03   1.75401202182790872e-01   1.40569005904473587e-26
3.95303242439512115e+00   1.66979320463435779e-26   4.79764113523197937e+10   2.72303982033633110e+03   1.10037508735522011e-01   3.10051011691604861e-27   2.69178008230005935e+03   1.17620894384149244e-01   3.10051011691604861e-27
4.00281122783359322e+00   1.12455287328449168e-26   4.81264653541879044e+10   2.13575147469427793e+03   7.30345309035370788e-02   6.63407224513620972e-28   2.11371936084294975e+03   7.82430395994868633e-02   6.63407224513620972e-28
4.05309031656387386e+00   7.51136939283543334e-27   4.82734585996233139e+10   1.66665764073640275e+03   4.80717458863695393e-02   1.37575718589454449e-28   1.65150590339734526e+03   5.16196234328613127e-02   1.37575718589454449e-28
4.10387471853673169e+00   4.97596515648627993e-27   4.84174061132219849e+10   1.29402090103008368e+03   3.13780699598242216e-02   2.76512742459967500e-29   1.28392299277333268e+03   3.37748201181233207e-02   2.76512742459967500e-29
4.15516951223468745e+00   3.26800813557784426e-27   4.85583231931789551e+10   9.99380830716397895e+02   2.03030945071659766e-02   5.37824562488043971e-30   9.92934904308254431e+02   2.19082170025697229e-02   5.37824562488043971e-30
4.20697982717985486e+00   2.12783130986743932e-27   4.86962254013042068e+10   7.67747093154680897e+02   1.30227417267330340e-02   1.01234916980151165e-30   7.63886658717615205e+02   1.40884106907668508e-02   1.01234916980151165e-30
4.25931084444690544e+00   1.37326500331188501e-27   4.88311285532478256e+10   5.86613482354764983e+02   8.27869341368352163e-03   1.84272855528035341e-31   5.84539348135396267e+02   8.97995516135736103e-03   1.84272855528035341e-31
4.31216779718117316e+00   8.78229342507273249e-28   4.89630487089357758e+10   4.45713867315169637e+02   5.21449559973175686e-03   3.24003432797558419e-32   4.44836145593833464e+02   5.67174864334755134e-03   3.24003432797558419e-32
4.36555597112198157e+00   5.56513129372214500e-28   4.90920021632086716e+10   3.36758592108716698e+02   3.25412518517350768e-03   5.50194991547434149e-33   3.36648741111263632e+02   3.54953622932409341e-03   5.50194991547434149e-33
4.41948070513121305e+00   3.49347029129511799e-28   4.92180054366634216e+10   2.52976383016085293e+02   2.01153568582708268e-03   9.01537088287546336e-34   2.53329681220927711e+02   2.20059202073653567e-03   9.01537088287546336e-34
4.47394739172720701e+00   2.17202163221596686e-28   4.93410752666906357e+10   1.88924033473351273e+02   1.23141480444851899e-03   1.42434355897500416e-34   1.89529019880691720e+02   1.35124363699017677e-03   1.42434355897500416e-34
4.52896147762401124e+00   1.33718933412643067e-28   4.94612285987067642e+10   1.40242052479258490e+02   7.46380350434609112e-04   2.16778412129927445e-35   1.40956500538165159e+02   8.21583073598819392e-04   2.16778412129927445e-35
4.58452846427606087e+00   8.15052011126866674e-29   4.95784825775765305e+10   1.03471178062005478e+02   4.47856439017806703e-04   3.17666522238266876e-36   1.04203349877260393e+02   4.94581365687552952e-04   3.17666522238266876e-36
4.64065390842832848e+00   4.91760296876917030e-29   4.96928545392220840e+10   7.58679505079272047e+01   2.65982353289043638e-04   4.47866722327768134e-37   7.65622121376250107e+01   2.94717818767069989e-04   4.47866722327768134e-37
4.69734342267199878e+00   2.93629341705183675e-29   4.98043620024158859e+10   5.52760198327784735e+01   1.56316407122716194e-04   6.06984396726067297e-38   5.59018895170115684e+01   1.73804579850642821e-04   6.06984396726067297e-38
4.75460267600573872e+00   1.73485526527817835e-29   4.99130226607523193e+10   4.00147098140632025e+01   9.08940808612498935e-05   7.90376478473376969e-39   4.05586979389322266e+01   1.01424988309703116e-04   7.90376478473376969e-39
4.81243739440259688e+00   1.01386614903986881e-29   5.00188543747995300e+10   2.87744978782682175e+01   5.22732849415188586e-05   9.87394666246310387e-40   2.92340787379133538e+01   5.85454856514796190e-05   9.87394666246310387e-40
4.87085336138260860e+00   5.86010681072064728e-30   5.01218751644206696e+10   2.05529784968025631e+01   2.97298899015091408e-05   1.18298401794030678e-40   2.09323360827117781e+01   3.34244169553445835e-05   1.18298401794030678e-40
4.92985641859115464e+00   3.34917185498668232e-30   5.02221032012689819e+10   1.45801103786592563e+01   1.67176784298812188e-05   1.35805752159139012e-41   1.48871117130903805e+01   1.88693780479355113e-05   1.35805752159139012e-41
4.98945246638312145e+00   1.89231918462647833e-30   5.03195568014483185e+10   1.02711127294133320e+01   9.29280652131767424e-06   1.49279686726000852e-42   1.05152762923655150e+01   1.05316186154323252e-05   1.49279686726000852e-42
5.04964746441295453e+00   1.05665702393471363e-30   5.04142544183387375e+10   7.18388179990865261e+00   5.10461385101410793e-06   1.56922382978201604e-43   7.37504212964046157e+00   5.80945071518750352e-06   1.56922382978201604e-43
5.11044743223061904e+00   5.83005680822267537e-31   5.05062146355838089e+10   4.98811560251571606e+00   2.77039366851977381e-06   1.57636487686536720e-44   5.13563349712595318e+00   3.16662287247130126e-06   1.57636487686536720e-44
5.17185844988356092e+00   3.17759947998406257e-31   5.05954561602343521e+10   3.43781884135754856e+00   1.48515405827084851e-06   1.51180121551322777e-45   3.55013083143613439e+00   1.70517663319678210e-06   1.51180121551322777e-45
5.23388665852472545e+00   1.71051886871185653e-31   5.06819978160498428e+10   2.35151777982447197e+00   7.86264764338575663e-07   1.38317933759638873e-46   2.43594049157255288e+00   9.06925083193738868e-07   1.38317933759638873e-46
5.29653826102666514e+00   9.09083386006199030e-32   5.07658585369510498e+10   1.59602235077358201e+00   4.10938977969419885e-07   1.20564081288352900e-47   1.65870619940136832e+00   4.76264611278963421e-07   1.20564081288352900e-47
5.35981952260184080e+00   4.76957049729308952e-32   5.08470573606222610e+10   1.07480110808481233e+00   2.12007866669303272e-07   1.00078156983681277e-48   1.12079732044547864e+00   2.46919888093630924e-07   1.00078156983681277e-48
5.42373677142914357e+00   2.46939978379454583e-32   5.09256134222618713e+10   7.17988524004217088e-01   1.07926641898706687e-07   7.89991165619850857e-50   7.51351730492599290e-01   1.26337589951781853e-07   7.89991165619850857e-50
5.48829639928672020e+00   1.26140284944918068e-32   5.10015459484748993e+10   4.75725345267161870e-01   5.42028835810406977e-08   5.92574761507987914e-51   4.99653305066659281e-01   6.37814254072621499e-08   5.92574761507987914e-51
5.55350486219115869e+00   6.35529916029801817e-33   5.10748742513088226e+10   3.12583791953702894e-01   2.68474349240955795e-08   4.21898669234215562e-52   3.29554523814961475e-01   3.17623263511323482e-08   4.21898669234215562e-52
5.61936868104308740e+00   3.15724765138071518e-33   5.11456177224279327e+10   2.03643586407025234e-01   1.31111500789403114e-08   2.84792166639613635e-53   2.15547679955557014e-01   1.55976585746689690e-08   2.84792166639613635e-53
5.68589444227927920e+00   1.54624340474245055e-33   5.12137958274236679e+10   1.31526624193484931e-01   6.31166128559921164e-09   1.82116937243937151e-54   1.39785816925256823e-01   7.55169124553833542e-09   1.82116937243937151e-54
5.75308879853129618e+00   7.46220378612721663e-34   5.12794281002588425e+10   8.41955392956391241e-02   2.99387797760965410e-09   1.10155032770833744e-55   8.98633103090767243e-02   3.60322483292746881e-09   1.10155032770833744e-55
5.82095846929075922e+00   3.54797532010944062e-34   5.13425341378434067e+10   5.34121927731964416e-02   1.39899937711290635e-09   6.29695594754127523e-57   5.72593328084589279e-02   1.69397752543594302e-09   6.29695594754127523e-57
5.88951024158130387e+00   1.66140712062414429e-34   5.14031335947380142e+10   3.35724159940775299e-02   6.43801336400602419e-10   3.39774723212667831e-58   3.61552610401588981e-02   7.84427213292293949e-10   3.39774723212667831e-58
5.95875097063728276e+00   7.66047728240733431e-35   5.14612461779859848e+10   2.09053745107241826e-02   2.91702900916495470e-10   1.72909552659679655e-59   2.26204852867301805e-02   3.57710131432140662e-10   1.72909552659679655e-59
6.02868758058930343e+00   3.47638848316288576e-35   5.15168916420669632e+10   1.28929187228203675e-02   1.30074353443181706e-10   8.28489061806458573e-61   1.40192376375250158e-02   1.60565761047717487e-10   8.28489061806458573e-61
6.09932706515664336e+00   1.55236481733029306e-35   5.15700897839742889e+10   7.87414892967653463e-03   5.70697971786448872e-11   3.73439740793480041e-62   8.60560880274526159e-03   7.09284741906477270e-11   3.73439740793480041e-62
6.17067648834662474e+00   6.81861793871327681e-36   5.16208604384097443e+10   4.76125881685911245e-03   2.46279840511272898e-11   1.58135774199832839e-63   5.23096782212688089e-03   3.08233637359068212e-11   1.58135774199832839e-63
6.24274298516102277e+00   2.94533229858798648e-36   5.16692234730974731e+10   2.85000551410668915e-03   1.04510266769645821e-11   6.28541730707227967e-65   3.14823500676644817e-03   1.31744335495032393e-11   6.28541730707227967e-65
6.31553376230957753e+00   1.25041559996821024e-36   5.17151987842107544e+10   1.68819476364755476e-03   4.35854421057400378e-12   2.33974690587995731e-66   1.87536784135614466e-03   5.53507561034407225e-12   2.33974690587995731e-66
6.38905609893066018e+00   5.21673842975684578e-37   5.17588062919144669e+10   9.89508217456819316e-04   1.78616382964916451e-12   8.15310421180601731e-68   1.10562575381446771e-03   2.28560073300391541e-12   8.15310421180601731e-68
6.46331734731920271e+00   2.13793712972430193e-37   5.18000659360140610e+10   5.73762843843181217e-04   7.18993603487323394e-13   2.65546116504553377e-69   6.44956030640458401e-04   9.27236361458319212e-13   2.65546116504553377e-69
6.53832493366192846e+00   8.60289807467701577e-38   5.18389976717165375e+10   3.29035865246469887e-04   2.84154823122487836e-13   8.06997442442677639e-71   3.72165296191391982e-04   3.69400805328717225e-13   8.06997442442677639e-71
6.61408635877998030e+00   3.39831837588707657e-38   5.18756214654958496e+10   1.86596053381137212e-04   1.10237339656621462e-13   2.28667609442130446e-72   2.12411038945491956e-04   1.44490905778690159e-13   2.28667609442130446e-72
6.69060919887900152e+00   1.31710574063385190e-38   5.19099572910644226e+10   1.04609330864314652e-04   4.19578244072160506e-14   6.02915040681225017e-74   1.19871540290854907e-04   5.54609281404629458e-14   6.02915040681225017e-74
6.76790110630677422e+00   5.00717071293574575e-39   5.19420251254446335e+10   5.79661990150877825e-05   1.56634317481798158e-14   1.47763663175142205e-75   6.68777587784730133e-05   2.08841883442950654e-14   1.47763663175142205e-75
6.84596981031844898e+00   1.86621149030705744e-39   5.19718449451427841e+10   3.17383595417171588e-05   5.73233538529995925e-15   3.35978042668701032e-77   3.68760615101953109e-05   7.71106571149458541e-15   3.35978042668701032e-77
6.92482311784948568e+00   6.81670007345850113e-40   5.19994367224203262e+10   1.71675753576831719e-05   2.05587154293753118e-15   7.07804395526225356e-79   2.00916369818642525e-05   2.79079111649619060e-15   7.07804395526225356e-79
7.00446891429634988e+00   2.43962359717238572e-40   5.20248204216627350e+10   9.17241503219671827e-06   7.22390701180625464e-16   1.38027053465118947e-80   1.08150936703515171e-05   9.89802993863765264e-16   1.38027053465118947e-80
7.08491516430505541e+00   8.54863971765265606e-41   5.20480159958424301e+10   4.83862436786705651e-06   2.48512580055430394e-16   2.48476998070012028e-82   5.74916518206595089e-06   3.43770789409525354e-16   2.48476998070012028e-82
7.16616991256764457e+00   2.93250803538175574e-41   5.20690433830741043e+10   2.51994360147734445e-06   8.36892759086335258e-17   4.12732066470888534e-84   3.01790975310984710e-06   1.16904894202574326e-16   4.12732066470888534e-84
7.24824128462665307e+00   9.84176037534890465e-42   5.20879225032624435e+10   1.29516169826996537e-06   2.75713882275839437e-17   6.31044672244180368e-86   1.56375934364101798e-06   3.89012525422481765e-17   6.31044672244180368e-86
7.33113748768768225e+00   3.23067368847667221e-42   5.21046732548371811e+10   6.56840521374542757e-07   8.88407245321294544e-18   8.87300064967686645e-88   7.99713826860442446e-07   1.26636429409986431e-17   8.87300064967686645e-88
7.41486681144011683e+00   1.03659367198073207e-42   5.21193155115788269e+10   3.28566441391914194e-07   2.79793334649587902e-18   1.14443857214050839e-89   4.03484104660584924e-07   4.03019849027153110e-18   1.14443857214050839e-89
7.49943762888610976e+00   3.24984271021105186e-43   5.21318691195259857e+10   1.62076691991492186e-07   8.60951637929337124e-19   1.35218207415468831e-91   2.00794862314626439e-07   1.25346208410465595e-18   1.35218207415468831e-91
7.58485839717787869e+00   9.95073135867047065e-44   5.21423538939716187e+10   7.88193450238087793e-08   2.58724328758162816e-19   1.46098108694499936e-93   9.85359079862546142e-08   3.80815113969888084e-19   1.46098108694499936e-93
7.67113765846343654e+00   2.97421382688199044e-44   5.21507896165375595e+10   3.77773727044280825e-08   7.58924973892480365e-20   1.44082072230170253e-95   4.76677411278729581e-08   1.12959176602057122e-19   1.44082072230170253e-95
7.75828404074081490e+00   8.67375775115488963e-45   5.21571960323325577e+10   1.78399599719783304e-08   2.17198762999850483e-20   1.29464331546899586e-97   2.27258246893939694e-08   3.26984436993542681e-20   1.29464331546899586e-97
7.84630625872086007e+00   2.46682496611970332e-45   5.21615928471892471e+10   8.29824796989892950e-09   6.06165364298322489e-21   1.05785333209732189e-99   1.06744947518389283e-08   9.23228473278368409e-21   1.05785333209732189e-99
7.93521311469872437e+00   6.83922930544849455e-46   5.21639997249775620e+10   3.80115371641257753e-09   1.64908599724470912e-21   7.84946786506050216e-102   4.93870840649805720e-09   2.54161768259496478e-21   7.84946786506050216e-102
8.02501349943409537e+00   1.84701697031023957e-46   5.21644362849956360e+10   1.71385723208932503e-09   4.36988158981424633e-22   5.27342420795735173e-104   2.24963727641314012e-09   6.81689689299156927e-22   5.27342420795735173e-104
8.11571639304027848e+00   4.85700079163784291e-47   5.21629220994360962e+10   7.60445824580844534e-10   1.12748377028000807e-22   3.20313609066063821e-106   1.00866819152020142e-09   1.78064654686449884e-22   3.20313609066063821e-106
8.20733086588221994e+00   1.24295227449820294e-47   5.21594766909218140e+10   3.31932641467950371e-10   2.83087612759754435e-23   1.75534541959395674e-108   4.45014715052435403e-10   4.52729119428536889e-23   1.75534541959395674e-108
8.29986607948355193e+00   3.09431969215306331e-48   5.21541195301190491e+10   1.42502343586818872e-10   6.91414108550581793e-24   8.66631378379675339e-111   1.93148818867117412e-10   1.11996475644119016e-23   8.66631378379675339e-111
8.39333128744274681e+00   7.48737363890465838e-49   5.21468700334164810e+10   6.01397101823458389e-11   1.64130851145192383e-24   3.84222742841701137e-113   8.24287761408091052e-11   2.69341752939621421e-24   3.84222742841701137e-113
8.48773583635848716e+00   1.76002998559271400e-49   5.21377475606736069e+10   2.49420507695757619e-11   3.78486318384116530e-25   1.52668350581113551e-115   3.45778703228527322e-11   6.29373787808675254e-25   1.52668350581113551e-115
8.58308916676433853e+00   4.01780096280462830e-50   5.21267714130392151e+10   1.01635794416152339e-11   8.47561962635574152e-26   5.42967600049205782e-118   1.42547921720969407e-11   1.42846823657358275e-25   5.42967600049205782e-118
8.67940081407279784e+00   8.89974352158542215e-51   5.21139608308340073e+10   4.06715170771087979e-12   1.84160336741746807e-26   1.72307055459506134e-120   5.77234394431819399e-12   3.14652567212444736e-26   1.72307055459506134e-120
8.77668040952885953e+00   1.91195749261559202e-51   5.20993349914977188e+10   1.59785974543379790e-12   3.88075449172102262e-27   4.87020042967561739e-123   2.29533576278993142e-12   6.72327682996531055e-27   4.87020042967561739e-123
8.87493768117313486e+00   3.98086406960685637e-52   5.20829130076007080e+10   6.16032603334217665e-13   7.92534614010277110e-28   1.22269419447589171e-125   8.95889370651803714e-13   1.39253235072090680e-27   1.22269419447589171e-125
8.97418245481467025e+00   8.02784325599350183e-53   5.20647139249181747e+10   2.32980937107718701e-13   1.56756940106561821e-28   2.72001506171713579e-128   3.43091832054878444e-13   2.79400465030636536e-28   2.72001506171713579e-128
9.07442465501353190e+00   1.56726470050763626e-53   5.20447567205629654e+10   8.64110841210460374e-14   3.00152976600348778e-29   5.35242090141604545e-131   1.28882215778226417e-13   5.42806457296448203e-29   5.35242090141604545e-131
9.17567430607327950e+00   2.95933849417489475e-54   5.20230603011815109e+10   3.14125085723113214e-14   5.55842452630350744e-30   9.28296788181233753e-134   4.74628170799019585e-14   1.02010330014256922e-29   9.28296788181233753e-134
9.27794153304338920e+00   5.40276202460800955e-55   5.19996435012053146e+10   1.11901892990221736e-14   9.95213352995782459e-31   1.41727815076722284e-136   1.71319483923142368e-14   1.85388848333392933e-30   1.41727815076722284e-136
9.38123656273178419e+00   9.52736758144313954e-56   5.19745250811611862e+10   3.90403450994158370e-15   1.72108371452348695e-31   1.89762945652621602e-139   6.05747863117867516e-15   3.25483132830202952e-31   1.89762945652621602e-139
9.48556972472750992e+00   1.62179270146249171e-56   5.19477237260366745e+10   1.33342821100452501e-15   2.87302493523669756e-32   2.22296067906054164e-142   2.09722624684879675e-15   5.51704739218864503e-32   2.22296067906054164e-142
9.59095145243371228e+00   2.66376404462929498e-57   5.19192580437020721e+10   4.45752971375832143e-16   4.62746118732569684e-33   2.27462165888534403e-145   7.10809149588276595e-16   9.02463132739989203e-33   2.27462165888534403e-145
9.69739228411098253e+00   4.21689197775432284e-58   5.18891465633834915e+10   1.45746419836747386e-16   7.18338566878393135e-34   2.02448621081292450e-148   2.35681143499791669e-16   1.42302636047435534e-33   2.02448621081292450e-148
9.80490286393118637e+00   6.43029163584052032e-59   5.18574077341916122e+10   4.65938493653104951e-17   1.07410052140855287e-34   1.56381194391660921e-151   7.64198636133131511e-17   2.16172559073055152e-34   1.56381194391660921e-151
9.91349394304189779e+00   9.43712869263672681e-60   5.18240599236996155e+10   1.45567459068956388e-17   1.54568010099178333e-35   1.04499332534447066e-154   2.42199634025370616e-17   3.16096625965290999e-35   1.04499332534447066e-154
1.00231763806415231e+01   1.33238378183180074e-60   5.17891214165727921e+10   4.44315953847100618e-18   2.13975661177226169e-36   6.03089170811363456e-158   7.50084486526302941e-18   4.44711419266416449e-36   6.03089170811363456e-158
1.01339611450652214e+01   1.80747767081457452e-61   5.17526104132481155e+10   1.32402187904791759e-18   2.84611071518398815e-37   2.99220204735380057e-161   2.26829373005073391e-18   6.01239325693695572e-37   2.99220204735380057e-161
1.02458593148817609e+01   2.35455924519360652e-62   5.17145450286601486e+10   3.85051161065377880e-19   3.63514835431862460e-38   1.27336703278705901e-164   6.69548890347078698e-19   7.80663909575016433e-38   1.27336703278705901e-164
1.03588820800013686e+01   2.94306638998572039e-63   5.16749432910161743e+10   1.09234224301830095e-19   4.45488754858723080e-39   4.63429181172450176e-168   1.92820761310783500e-19   9.72718066800755755e-39   4.63429181172450176e-168
