0.00000000000000000e+00   2.85385824990536775e-07   1.68635956021444433e+00   1.00000000000000000e+00   5.55055700280214293e+00   5.00000000000000000e-01   1.77617824089668574e+02
1.00501670841679491e-02   2.90951074993432930e-07   1.68636049324894444e+00   1.00000000002939871e+00   5.55056618320897854e+00   5.00000000000000000e-01   1.77618117862687313e+02
2.02013400267557763e-02   2.91177624993437617e-07   1.68637235241070105e+00   1.00000000004796963e+00   5.55068323401441077e+00   5.00000000000000000e-01   1.77621863488461145e+02
3.04545339535169379e-02   2.96634524996222001e-07   1.68637015165656656e+00   9.99999999715512677e-01   5.55066147462082782e+00   5.00000000000000000e-01   1.77621167187866490e+02
4.08107741923882106e-02   2.97072849996239612e-07   1.68636158082551835e+00   9.99999999995559774e-01   5.55057682535852503e+00   5.00000000000000000e-01   1.77618458411472801e+02
5.12710963760241167e-02   3.02441099998934188e-07   1.68636557235560858e+00   1.00000000020626900e+00   5.55061619993882616e+00   5.00000000000000000e-01   1.77619718398042437e+02
6.18365465453596386e-02   3.03086274998972744e-07   1.68637161711856542e+00   1.00000000036202397e+00   5.55067584584654128e+00   5.00000000000000000e-01   1.77621627067089321e+02
7.25081812542163195e-02   3.08365875001578889e-07   1.68636120914308396e+00   1.00000000047487392e+00   5.55057305782496080e+00   5.00000000000000000e-01   1.77618337850398746e+02
8.32870676749586369e-02   3.09212975001645672e-07   1.68636086867987611e+00   1.00000000055479266e+00   5.55056966319646250e+00   5.00000000000000000e-01   1.77618229222286800e+02
9.41742837052104154e-02   3.14418700004179394e-07   1.68635808167815204e+00   1.00000000060992389e+00   5.55054211472600034e+00   5.00000000000000000e-01   1.77617347671232011e+02
1.05170918075647490e-01   3.15462800004280891e-07   1.68637093933519444e+00   1.00000000064681349e+00   5.55066901994219553e+00   5.00000000000000000e-01   1.77621408638150257e+02
1.16278070458871285e-01   3.20599575006748039e-07   1.68636909681875080e+00   1.00000000067062689e+00   5.55065079466431666e+00   5.00000000000000000e-01   1.77620825429258133e+02
1.27496851579375736e-01   3.21825900006887828e-07   1.68636090618190160e+00   1.00000000016500024e+00   5.55056989634775721e+00   5.00000000000000000e-01   1.77618236683128231e+02
1.38828383324621774e-01   3.26913425009307771e-07   1.68636794517675814e+00   1.00000000048930926e+00   5.55063935476814319e+00   5.00000000000000000e-01   1.77620459352580582e+02
1.50273798857227137e-01   3.28317050009491385e-07   1.68637062710857855e+00   1.00000000073546147e+00   5.55066579738135868e+00   5.00000000000000000e-01   1.77621305516203478e+02
1.61834242728283062e-01   3.33355325011864811e-07   1.68636690232161524e+00   1.00000000091921026e+00   5.55062898745241462e+00   5.00000000000000000e-01   1.77620127598477268e+02
1.73510870991810284e-01   3.34931325012096144e-07   1.68636066829455689e+00   1.00000000105383080e+00   5.55056740483827937e+00   5.00000000000000000e-01   1.77618156954824940e+02
1.85304851320365449e-01   3.39935125014437210e-07   1.68636590472704095e+00   1.00000000115038445e+00   5.55061906550211059e+00   5.00000000000000000e-01   1.77619810096067539e+02
1.97217363121810152e-01   3.41678575014720631e-07   1.68636845721240980e+00   1.00000000121797239e+00   5.55064422844865923e+00   5.00000000000000000e-01   1.77620615310357095e+02
2.09249597657251485e-01   3.46647900017029335e-07   1.68636351809045770e+00   1.00000000126397359e+00   5.55059542851126420e+00   5.00000000000000000e-01   1.77619053712360454e+02
2.21402758160169855e-01   3.48558800017369820e-07   1.68636794683544400e+00   1.00000000129427202e+00   5.55063911431171508e+00   5.00000000000000000e-01   1.77620451657974883e+02
2.33678059956743178e-01   3.53498575019651219e-07   1.68635889188833987e+00   1.00000000131346733e+00   5.55054967992164716e+00   5.00000000000000000e-01   1.77617589757492709e+02
2.46076730587380776e-01   3.55572000020052502e-07   1.68635820474457021e+00   1.00000000096109276e+00   5.55054285745462117e+00   5.00000000000000000e-01   1.77617371438547877e+02
2.58600009929478070e-01   3.60497000022320379e-07   1.68636290451607862e+00   1.00000000124808741e+00   5.55058921713456144e+00   5.00000000000000000e-01   1.77618854948305966e+02
2.71249150321404731e-01   3.62723100022782940e-07   1.68636137628640870e+00   1.00000000146434309e+00   5.55057409008589442e+00   5.00000000000000000e-01   1.77618370882748621e+02
2.84025416687741394e-01   3.67638250025041768e-07   1.68636160537820157e+00   1.00000000162446412e+00   5.55057631194226531e+00   5.00000000000000000e-01   1.77618441982152490e+02
2.96930086665771809e-01   3.70017025025570160e-07   1.68636396031959923e+00   1.00000000174069648e+00   5.55059952107782628e+00   5.00000000000000000e-01   1.77619184674490441e+02
3.09964450733247521e-01   3.74927250027824463e-07   1.68636476982722816e+00   1.00000000182318849e+00   5.55060747236086804e+00   5.00000000000000000e-01   1.77619439115547777e+02
3.23129812337437095e-01   3.77453775028420778e-07   1.68636389182774460e+00   1.00000000188023708e+00   5.55059876304304911e+00   5.00000000000000000e-01   1.77619160417377572e+02
3.36427488025472288e-01   3.82364000030675082e-07   1.68635904181722118e+00   1.00000000191852023e+00   5.55055083939244653e+00   5.00000000000000000e-01   1.77617626860558289e+02
3.49858807576003183e-01   3.85038275031343132e-07   1.68635934474684079e+00   1.00000000194331884e+00   5.55055378807503708e+00   5.00000000000000000e-01   1.77617721218401186e+02
3.63425114132177818e-01   3.89958350033606485e-07   1.68636452719598173e+00   1.00000000140655554e+00   5.55060490982500543e+00   5.00000000000000000e-01   1.77619357114400174e+02
3.77127764335957183e-01   3.92770525034345215e-07   1.68635862285648153e+00   1.00000000174061343e+00   5.55054657590571310e+00   5.00000000000000000e-01   1.77617490428982819e+02
3.90968128463780484e-01   3.97710300036626613e-07   1.68636747415402355e+00   1.00000000199460382e+00   5.55063391806557771e+00   5.00000000000000000e-01   1.77620285378098487e+02
4.04947590563593973e-01   4.00655450037437110e-07   1.68635908797744016e+00   1.00000000218457163e+00   5.55055108072425885e+00   5.00000000000000000e-01   1.77617634583176283e+02
4.19067548593257566e-01   4.05619850039741185e-07   1.68636518743692410e+00   1.00000000232405406e+00   5.55061125397510224e+00   5.00000000000000000e-01   1.77619560127203272e+02
4.33329414560340576e-01   4.08697975040626678e-07   1.68635804278195045e+00   1.00000000242434495e+00   5.55054067313118527e+00   5.00000000000000000e-01   1.77617301540197928e+02
4.47734614663324759e-01   4.13691925042958482e-07   1.68636529244188060e+00   1.00000000249474974e+00   5.55061220082036044e+00   5.00000000000000000e-01   1.77619590426251534e+02
4.62284589434224902e-01   4.16903025043922201e-07   1.68636269137381944e+00   1.00000000254282817e+00   5.55058647578464903e+00   5.00000000000000000e-01   1.77618767225108769e+02
4.76980793882642917e-01   4.21926525046281736e-07   1.68636440811676791e+00   1.00000000257461874e+00   5.55060337846264584e+00   5.00000000000000000e-01   1.77619308110804667e+02
4.91824697641270570e-01   4.25270600047326962e-07   1.68635960434616061e+00   1.00000000259485322e+00   5.55055590624705264e+00   5.00000000000000000e-01   1.77617788999905684e+02
5.06817785112853691e-01   4.30328575049718857e-07   1.68635945503152507e+00   1.00000000220874385e+00   5.55055438508402332e+00   5.00000000000000000e-01   1.77617740322688746e+02
5.21961555618634110e-01   4.33810550050851916e-07   1.68636541370038318e+00   1.00000000250653609e+00   5.55061316509341562e+00   5.00000000000000000e-01   1.77619621282989300e+02
5.37257523548281712e-01   4.38903000053276542e-07   1.68636626986264559e+00   1.00000000273142464e+00   5.55062156968854836e+00   5.00000000000000000e-01   1.77619890230033548e+02
5.52707218511336418e-01   4.42517950054497990e-07   1.68636621234998008e+00   1.00000000289835245e+00   5.55062095335234318e+00   5.00000000000000000e-01   1.77619870507274982e+02
5.68312185490169153e-01   4.47649800056960455e-07   1.68636178977676265e+00   1.00000000301986791e+00   5.55057724183596424e+00   5.00000000000000000e-01   1.77618471738750856e+02
5.84073984994482043e-01   4.51397725058273575e-07   1.68635866760298381e+00   1.00000000310638804e+00   5.55054636852154193e+00   5.00000000000000000e-01   1.77617483792689342e+02
5.99994193217360472e-01   4.56578825060783245e-07   1.68636142814625578e+00   1.00000000316644444e+00   5.55057357202064150e+00   5.00000000000000000e-01   1.77618354304660528e+02
6.16074402192893666e-01   4.60459725062191320e-07   1.68636674946453713e+00   1.00000000320692184e+00   5.55062606698036198e+00   5.00000000000000000e-01   1.77620034143371583e+02
6.32316219955379344e-01   4.65685150064744358e-07   1.68636048986060771e+00   1.00000000323327654e+00   5.55056421680999357e+00   5.00000000000000000e-01   1.77618054937919794e+02
6.48721270700128416e-01   4.69699025066250564e-07   1.68635852574616640e+00   1.00000000264723887e+00   5.55054477412569724e+00   5.00000000000000000e-01   1.77617432772022312e+02
6.65291194945886843e-01   4.74983550068861551e-07   1.68636420359063011e+00   1.00000000299589020e+00   5.55060077656757045e+00   5.00000000000000000e-01   1.77619224850162254e+02
6.82027649698886851e-01   4.79125475070466338e-07   1.68636564703620917e+00   1.00000000326163407e+00   5.55061497422658157e+00   5.00000000000000000e-01   1.77619679175250610e+02
6.98932308618551046e-01   4.84464175073132549e-07   1.68635867093567837e+00   1.00000000346094553e+00   5.55054604850975153e+00   5.00000000000000000e-01   1.77617473552312049e+02
7.16006862184858761e-01   4.88744000074845551e-07   1.68636590251089613e+00   1.00000000360774766e+00   5.55061738882351197e+00   5.00000000000000000e-01   1.77619756442352383e+02
7.33253017867395718e-01   4.94141800077570928e-07   1.68636570055974078e+00   1.00000000371367803e+00   5.55061534038485505e+00   5.00000000000000000e-01   1.77619690892315361e+02
7.50672500296101441e-01   4.98549675079388123e-07   1.68636296380982564e+00   1.00000000378834697e+00   5.55058826621784540e+00   5.00000000000000000e-01   1.77618824518971053e+02
7.68267051433735526e-01   5.04016425082182562e-07   1.68636323213925010e+00   1.00000000383957932e+00   5.55059085957480303e+00   5.00000000000000000e-01   1.77618907506393697e+02
7.86038430750074069e-01   5.08552350084106387e-07   1.68636072429106787e+00   1.00000000387364385e+00   5.55056604431034728e+00   5.00000000000000000e-01   1.77618113417931113e+02
8.03988415397857370e-01   5.14092975086978013e-07   1.68636317422194248e+00   1.00000000389546995e+00   5.55059017455714976e+00   5.00000000000000000e-01   1.77618885585828792e+02
8.22118800390509552e-01   5.18756950089012808e-07   1.68636227024904350e+00   1.00000000345742723e+00   5.55058119251352799e+00   5.00000000000000000e-01   1.77618598160432896e+02
8.40431398781638084e-01   5.24371450091961515e-07   1.68636019953218685e+00   1.00000000377098375e+00   5.55056069117057316e+00   5.00000000000000000e-01   1.77617942117458341e+02
8.58928041846342527e-01   5.29168400094112970e-07   1.68636235588979488e+00   1.00000000400850309e+00   5.55058192129324368e+00   5.00000000000000000e-01   1.77618621481383798e+02
8.77610579264344048e-01   5.34861700097143918e-07   1.68636511514608989e+00   1.00000000418541402e+00   5.55060910316238054e+00   5.00000000000000000e-01   1.77619491301196177e+02
8.96480879304952127e-01   5.39786700099412801e-07   1.68636331741501655e+00   1.00000000431469882e+00   5.55059129494813064e+00   5.00000000000000000e-01   1.77618921438340180e+02
9.15540829013896884e-01   5.45563725102534750e-07   1.68636436337924178e+00   1.00000000440716019e+00   5.55060156090688395e+00   5.00000000000000000e-01   1.77619249949020286e+02
9.34792334402032132e-01   5.50616775104922756e-07   1.68635976275315502e+00   1.00000000447167037e+00   5.55055607976184362e+00   5.00000000000000000e-01   1.77617794552378996e+02
9.54237320635940023e-01   5.56482450108140972e-07   1.68636030317644647e+00   1.00000000451540871e+00   5.55056135340665691e+00   5.00000000000000000e-01   1.77617963309013021e+02
9.73877732230448379e-01   5.61668475110656543e-07   1.68636143567457486e+00   1.00000000454408755e+00   5.55057247172502422e+00   5.00000000000000000e-01   1.77618319095200775e+02
9.93715533243083149e-01   5.67622800113972613e-07   1.68636215829299130e+00   1.00000000456215954e+00   5.55057954287006083e+00   5.00000000000000000e-01   1.77618545371841947e+02
1.01375270747047752e+00   5.72941800116619032e-07   1.68636216244171289e+00   1.00000000425421498e+00   5.55057952022832790e+00   5.00000000000000000e-01   1.77618544647306493e+02
1.03399125864675145e+00   5.78989700120040658e-07   1.68636386406689676e+00   1.00000000453682780e+00   5.55059625603901896e+00   5.00000000000000000e-01   1.77619080193248607e+02
1.05443321064388851e+00   5.84441675122820359e-07   1.68636328793524437e+00   1.00000000474958406e+00   5.55059050403828991e+00   5.00000000000000000e-01   1.77618896129225277e+02
1.07508060767412372e+00   5.90583150126347646e-07   1.68635934629052953e+00   1.00000000490694996e+00   5.55055152518933337e+00   5.00000000000000000e-01   1.77617648806058668e+02
1.09593551449436566e+00   5.96173025129270660e-07   1.68635885163789689e+00   1.00000000502104736e+00   5.55054657635486848e+00   5.00000000000000000e-01   1.77617490443355791e+02
1.11700001661267567e+00   6.02417925132918800e-07   1.68636400878824677e+00   1.00000000510191467e+00   5.55059742544997903e+00   5.00000000000000000e-01   1.77619117614399329e+02
1.13827622049681976e+00   6.08140775135981872e-07   1.68636351797842332e+00   1.00000000515775200e+00   5.55059251405906817e+00   5.00000000000000000e-01   1.77618960449890182e+02
1.15976625378491605e+00   6.14489100139751181e-07   1.68636401068840769e+00   1.00000000519515475e+00   5.55059731192475425e+00   5.00000000000000000e-01   1.77619113981592136e+02
1.18147226549820195e+00   6.20349850142964131e-07   1.68636386523089188e+00   1.00000000521933030e+00   5.55059580872265368e+00   5.00000000000000000e-01   1.77619065879124918e+02
1.20339642625593779e+00   6.26801600146857892e-07   1.68635994162886793e+00   1.00000000470475148e+00   5.55055700482736203e+00   5.00000000000000000e-01   1.77617824154475585e+02
1.22554092849246876e+00   6.32805175150229479e-07   1.68636032930797608e+00   1.00000000504061659e+00   5.55056076367449247e+00   5.00000000000000000e-01   1.77617944437583759e+02
1.24790798667647218e+00   6.39365275154254758e-07   1.68635876880688285e+00   1.00000000529606137e+00   5.55054528839066919e+00   5.00000000000000000e-01   1.77617449228501414e+02
1.27049983753240703e+00   6.45516600157793318e-07   1.68636233076931452e+00   1.00000000548718426e+00   5.55058042261420326e+00   5.00000000000000000e-01   1.77618573523654504e+02
1.29331874026418392e+00   6.52185050161952973e-07   1.68636273716134855e+00   1.00000000562757019e+00   5.55058436397249810e+00   5.00000000000000000e-01   1.77618699647119939e+02
1.31636697678109282e+00   6.58479200165658853e-07   1.68636357036838258e+00   1.00000000572855630e+00   5.55059251839630718e+00   5.00000000000000000e-01   1.77618960588681830e+02
1.33964685192599209e+00   6.65260925169960797e-07   1.68635950200052798e+00   1.00000000579948645e+00   5.55055228094297348e+00   5.00000000000000000e-01   1.77617672990175151e+02
1.36316069370579607e+00   6.71702825173842650e-07   1.68636012458996309e+00   1.00000000584795257e+00   5.55055835450352220e+00   5.00000000000000000e-01   1.77617867344112710e+02
1.38691085352427779e+00   6.78607675178302497e-07   1.68636388945100935e+00   1.00000000588002180e+00   5.55059544967823459e+00   5.00000000000000000e-01   1.77619054389703507e+02
1.41089970641721107e+00   6.85192400182357598e-07   1.68636350416987257e+00   1.00000000590045124e+00   5.55059157148795723e+00   5.00000000000000000e-01   1.77618930287614631e+02
1.43512965128987569e+00   6.92220375186977253e-07   1.68636217322610316e+00   1.00000000551316104e+00   5.55057835640272934e+00   5.00000000000000000e-01   1.77618507404887339e+02
1.45960311115695118e+00   6.98952850191217328e-07   1.68636039816157379e+00   1.00000000581947357e+00   5.55056075600539067e+00   5.00000000000000000e-01   1.77617944192172502e+02
1.48432253338481779e+00   7.06108875196007669e-07   1.68635955024628048e+00   1.00000000605118511e+00   5.55055230820090895e+00   5.00000000000000000e-01   1.77617673862429086e+02
1.50929038993629927e+00   7.13043275200505887e-07   1.68636082145792665e+00   1.00000000622350194e+00   5.55056476392285880e+00   5.00000000000000000e-01   1.77618072445531482e+02
1.53450917761785588e+00   7.20283025205408405e-07   1.68636394554737867e+00   1.00000000634920849e+00   5.55059552878298135e+00   5.00000000000000000e-01   1.77619056921055403e+02
1.55998141832927306e+00   7.27360250210093106e-07   1.68635907245831418e+00   1.00000000643893094e+00   5.55054734013761308e+00   5.00000000000000000e-01   1.77617514884403619e+02
1.58570965931584773e+00   7.34742825215191636e-07   1.68636131169999293e+00   1.00000000650138610e+00   5.55056936752049435e+00   5.00000000000000000e-01   1.77618219760655819e+02
1.61169647342311917e+00   7.41972725220080975e-07   1.68636390931818547e+00   1.00000000654361743e+00   5.55059493234350931e+00   5.00000000000000000e-01   1.77619037834992298e+02
1.63794445935415434e+00   7.49493200225371099e-07   1.68636399858773034e+00   1.00000000657122068e+00   5.55059573244738136e+00   5.00000000000000000e-01   1.77619063438316203e+02
1.66445624192941866e+00   7.56875775230469630e-07   1.68636168122581176e+00   1.00000000594594818e+00   5.55057277201662203e+00   5.00000000000000000e-01   1.77618328704531905e+02
1.69123447234926427e+00   7.64539075235963284e-07   1.68635876766345194e+00   1.00000000631293506e+00   5.55054392491544135e+00   5.00000000000000000e-01   1.77617405597294123e+02
1.71828182845904731e+00   7.72084175241288525e-07   1.68636161640478388e+00   1.00000000659347799e+00   5.55057196544008757e+00   5.00000000000000000e-01   1.77618302894082802e+02
1.74560101501691856e+00   7.79890300246989097e-07   1.68635981777976074e+00   1.00000000680458312e+00   5.55055412385691493e+00   5.00000000000000000e-01   1.77617731963421278e+02
1.77319476396429998e+00   7.87597925252545919e-07   1.68636098938431211e+00   1.00000000696064961e+00   5.55056560509821928e+00   5.00000000000000000e-01   1.77618099363143017e+02
1.80106583469908132e+00   7.95551800258463334e-07   1.68635904423589111e+00   1.00000000707374093e+00   5.55054631526031272e+00   5.00000000000000000e-01   1.77617482088330007e+02
1.82921701435156159e+00   8.03426875264265050e-07   1.68636248710675463e+00   1.00000000715384263e+00   5.55058021791749567e+00   5.00000000000000000e-01   1.77618566973359862e+02
1.85765111806316563e+00   8.11528500270405554e-07   1.68635889347371437e+00   1.00000000720910998e+00   5.55054465155152599e+00   5.00000000000000000e-01   1.77617428849648832e+02
1.88637098926796032e+00   8.19575950276464206e-07   1.68636312898653307e+00   1.00000000724609883e+00   5.55058637783251463e+00   5.00000000000000000e-01   1.77618764090640468e+02
1.91537949997699863e+00   8.27830250282838359e-07   1.68636151752359886e+00   1.00000000726998217e+00   5.55057037864825187e+00   5.00000000000000000e-01   1.77618252116744060e+02
1.94467955106552592e+00   8.36045150289151327e-07   1.68635975346640143e+00   1.00000000676760004e+00   5.55055287213176296e+00   5.00000000000000000e-01   1.77617691908216415e+02
1.97427407256306786e+00   8.44461975295778132e-07   1.68635870217722772e+00   1.00000000710694770e+00   5.55054240155559242e+00   5.00000000000000000e-01   1.77617356849778957e+02
2.00416602394643517e+00   8.52849250302358624e-07   1.68635532029241575e+00   1.00000000736519556e+00   5.55054848666593958e+00   5.00000000000000000e-01   1.77617551573310067e+02
2.03435839443567756e+00   8.61433525309252451e-07   1.68635795654055332e+00   1.00000000755854579e+00   5.55057424483372586e+00   5.00000000000000000e-01   1.77618375834679227e+02
2.06485420329300418e+00   8.69993175316107031e-07   1.68635900484949475e+00   1.00000000770067565e+00   5.55054504652020153e+00   5.00000000000000000e-01   1.77617441488646449e+02
2.09565650012471405e+00   8.78744900323272857e-07   1.68635854648306371e+00   1.00000000780300446e+00   5.55054042609299447e+00   5.00000000000000000e-01   1.77617293634975823e+02
2.12676836518615842e+00   8.87486775330422645e-07   1.68636302419187833e+00   1.00000000787494869e+00   5.55058453623285697e+00   5.00000000000000000e-01   1.77618705159451423e+02
2.15819290968977029e+00   8.96405950337865128e-07   1.68636222289351245e+00   1.00000000792416421e+00   5.55057652817683689e+00   5.00000000000000000e-01   1.77618448901658780e+02
2.18993327611618716e+00   9.05325125345307611e-07   1.68635868150248758e+00   1.00000000795677346e+00   5.55054146755155298e+00   5.00000000000000000e-01   1.77617326961649695e+02
2.22199263852850271e+00   9.14426525353056737e-07   1.68636050412514904e+00   1.00000000797758037e+00   5.55055936222785284e+00   5.00000000000000000e-01   1.77617899591291291e+02
2.25437420288967383e+00   9.23527925360805862e-07   1.68636075429470833e+00   1.00000000758233631e+00   5.55056173185853474e+00   5.00000000000000000e-01   1.77617975419473112e+02
2.28708120738312104e+00   9.32811550368868724e-07   1.68636288237493837e+00   1.00000000789793320e+00   5.55058264026030113e+00   5.00000000000000000e-01   1.77618644488329636e+02
2.32011692273654990e+00   9.42095175376931586e-07   1.68636015614097490e+00   1.00000000813708945e+00   5.55055562314698925e+00   5.00000000000000000e-01   1.77617779940703656e+02
2.35348465254902672e+00   9.51565950385323298e-07   1.68636049644248542e+00   1.00000000831529601e+00   5.55055887950807314e+00   5.00000000000000000e-01   1.77617884144258340e+02
2.38718773362133785e+00   9.61041650393725569e-07   1.68636153130871880e+00   1.00000000844559089e+00   5.55056899193784226e+00   5.00000000000000000e-01   1.77618207742010952e+02
2.42122953628967652e+00   9.70699575402447929e-07   1.68636206091929153e+00   1.00000000853882609e+00   5.55057411516056920e+00   5.00000000000000000e-01   1.77618371685138214e+02
2.45561346476267861e+00   9.80367350411188444e-07   1.68636009152691035e+00   1.00000000860391802e+00   5.55055456579940110e+00   5.00000000000000000e-01   1.77617746105580835e+02
2.49034295746184409e+00   9.90222275420274961e-07   1.68636284623656896e+00   1.00000000864808358e+00   5.55058165425479277e+00   5.00000000000000000e-01   1.77618612936153369e+02
2.52542148736538552e+00   1.00008212542937055e-06   1.68635967343617077e+00   1.00000000867706751e+00   5.55055022200973180e+00   5.00000000000000000e-01   1.77617607104311418e+02
2.56085256235552405e+00   1.01013897543883031e-06   1.68636218864358089e+00   1.00000000870274541e+00   5.55057494372579807e+00   5.00000000000000000e-01   1.77618398199225538e+02
2.59663972556928480e+00   1.02019582544829006e-06   1.68635951172259024e+00   1.00000000839302539e+00   5.55054840487957968e+00   5.00000000000000000e-01   1.77617548956146550e+02
2.63278655575281295e+00   1.03045460045813617e-06   1.68635921949402023e+00   1.00000000868850369e+00   5.55054540786239148e+00   5.00000000000000000e-01   1.77617453051596527e+02
2.66929666761924755e+00   1.04072322546800128e-06   1.68636272801397791e+00   1.00000000891154150e+00   5.55057993270097683e+00   5.00000000000000000e-01   1.77618557846431258e+02
2.70617371221020209e+00   1.05117900047822828e-06   1.68636085616450648e+00   1.00000000907700892e+00   5.55056133847907063e+00   5.00000000000000000e-01   1.77617962831330260e+02
2.74342137726086621e+00   1.06165940048850279e-06   1.68635979566727601e+00   1.00000000919738996e+00   5.55055075325750380e+00   5.00000000000000000e-01   1.77617624104240122e+02
2.78104338756878455e+00   1.07232695049914828e-06   1.68636178904154166e+00   1.00000000928304389e+00   5.55057031627075581e+00   5.00000000000000000e-01   1.77618250120664186e+02
2.81904350536633919e+00   1.08301912550984360e-06   1.68636119580758193e+00   1.00000000934245281e+00   5.55056434173119939e+00   5.00000000000000000e-01   1.77618058935398381e+02
2.85742553069697847e+00   1.09389845052091648e-06   1.68636028100141822e+00   1.00000000938245770e+00   5.55055519127776442e+00   5.00000000000000000e-01   1.77617766120888462e+02
2.89619330179521883e+00   1.10481225053205905e-06   1.68636128150618081e+00   1.00000000940847644e+00   5.55056494856508476e+00   5.00000000000000000e-01   1.77618078354082712e+02
2.93535069547047689e+00   1.11590827554357686e-06   1.68636221234576067e+00   1.00000000883757045e+00   5.55057401688317409e+00   5.00000000000000000e-01   1.77618368540261571e+02
2.97490162749475262e+00   1.12704370055517746e-06   1.68636179140229681e+00   1.00000000920238330e+00   5.55056973841831347e+00   5.00000000000000000e-01   1.77618231629386031e+02
3.01485005299420550e+00   1.13836135056716136e-06   1.68636164788746901e+00   1.00000000948117007e+00   5.55056819763750475e+00   5.00000000000000000e-01   1.77618182324400152e+02
3.05519996684467898e+00   1.14972332557923839e-06   1.68636059323813803e+00   1.00000000969087366e+00   5.55055766039654408e+00   5.00000000000000000e-01   1.77617845132689411e+02
3.09595540407118008e+00   1.16126752559170571e-06   1.68636006960572038e+00   1.00000000984583770e+00   5.55055236437670185e+00   5.00000000000000000e-01   1.77617675660054459e+02
3.13712044025139658e+00   1.17286097560428074e-06   1.68635898029486886e+00   1.00000000995807592e+00   5.55054148243256229e+00   5.00000000000000000e-01   1.77617327437841993e+02
3.17869919192325057e+00   1.18464157561726509e-06   1.68636217826043500e+00   1.00000001003752947e+00   5.55057292535573144e+00   5.00000000000000000e-01   1.77618333611383406e+02
3.22069581699655672e+00   1.19646650063034660e-06   1.68636133543752731e+00   1.00000001009231476e+00   5.55056447419896415e+00   5.00000000000000000e-01   1.77618063174366853e+02
3.26311451516882212e+00   1.20848350064385687e-06   1.68636148986970835e+00   1.00000001012895257e+00   5.55056586716432854e+00   5.00000000000000000e-01   1.77618107749258513e+02
3.30595952834521079e+00   1.22054975065747910e-06   1.68636129912377242e+00   1.00000001015258877e+00   5.55056385100932914e+00   5.00000000000000000e-01   1.77618043232298533e+02
3.34923514106274567e+00   1.23280807567153772e-06   1.68636211269305170e+00   1.00000000966480185e+00   5.55057174864757830e+00   5.00000000000000000e-01   1.77618295956722505e+02
3.39294568091876148e+00   1.24511565068570829e-06   1.68635926874324737e+00   1.00000001001298711e+00   5.55054353598853911e+00   5.00000000000000000e-01   1.77617393151633252e+02
3.43709551900366961e+00   1.25762515070034971e-06   1.68636091715395064e+00   1.00000001027835506e+00   5.55055967281848517e+00   5.00000000000000000e-01   1.77617909530191525e+02
3.48168907033806985e+00   1.27018390071510732e-06   1.68636215076596119e+00   1.00000001047736764e+00   5.55057171320632214e+00   5.00000000000000000e-01   1.77618294822602309e+02
3.52673079431425762e+00   1.28293965073032925e-06   1.68636108825433562e+00   1.00000001062393507e+00   5.55056108362109146e+00   5.00000000000000000e-01   1.77617954675874927e+02
3.57222519514216419e+00   1.29575450074569039e-06   1.68635974524285848e+00   1.00000001072968470e+00   5.55054768341716454e+00   5.00000000000000000e-01   1.77617525869349265e+02
3.61817682229978566e+00   1.30876635076153215e-06   1.68635919747996432e+00   1.00000001080421641e+00   5.55054213289034504e+00   5.00000000000000000e-01   1.77617348252491041e+02
3.66459027098813106e+00   1.32184715077754229e-06   1.68636149056046603e+00   1.00000001085534707e+00   5.55056462713303578e+00   5.00000000000000000e-01   1.77618068068257145e+02
3.71147018259074635e+00   1.33511510079400939e-06   1.68636099447708698e+00   1.00000001088933854e+00   5.55055958387571291e+00   5.00000000000000000e-01   1.77617906684022813e+02
3.75882124513785953e+00   1.34846185081067510e-06   1.68636016512173681e+00   1.00000001091111290e+00   5.55055124892117924e+00   5.00000000000000000e-01   1.77617639965477736e+02
3.80664819377518437e+00   1.36199575082781365e-06   1.68635941095447239e+00   1.00000001049179965e+00   5.55054365478721046e+00   5.00000000000000000e-01   1.77617396953190735e+02
3.85495581123743936e+00   1.37561830084517615e-06   1.68636120877741935e+00   1.00000001082727397e+00   5.55056125365447528e+00   5.00000000000000000e-01   1.77617960116943209e+02
3.90374892832662823e+00   1.38941815086299292e-06   1.68635953896893032e+00   1.00000001108240433e+00   5.55054461681247080e+00   5.00000000000000000e-01   1.77617427737999066e+02
3.95303242439512115e+00   1.40332142588107973e-06   1.68636029316262781e+00   1.00000001127327809e+00   5.55055190938361331e+00   5.00000000000000000e-01   1.77617661100275626e+02
4.00281122783359322e+00   1.41739707589961660e-06   1.68636008917177671e+00   1.00000001141346884e+00   5.55054974073690843e+00   5.00000000000000000e-01   1.77617591703581070e+02
4.05309031656387386e+00   1.43158600091845013e-06   1.68636198427227901e+00   1.00000001151430462e+00   5.55056829383015948e+00   5.00000000000000000e-01   1.77618185402565103e+02
4.10387471853673169e+00   1.44593745093772170e-06   1.68635943477177941e+00   1.00000001158512108e+00   5.55054296596927887e+00   5.00000000000000000e-01   1.77617374911016924e+02
4.15516951223468745e+00   1.46042187595735165e-06   1.68636167732353348e+00   1.00000001163350349e+00   5.55056494606421769e+00   5.00000000000000000e-01   1.77618078274054966e+02
4.20697982717985486e+00   1.47505897597739409e-06   1.68636166545210853e+00   1.00000001166551278e+00   5.55056466774628188e+00   5.00000000000000000e-01   1.77618069367881020e+02
4.25931084444690544e+00   1.48983397599781986e-06   1.68636031433780587e+00   1.00000001168590003e+00   5.55055116610510080e+00   5.00000000000000000e-01   1.77617637315363226e+02
4.31216779718117316e+00   1.50477150101869766e-06   1.68636190419486831e+00   1.00000001132086513e+00   5.55056669759590715e+00   5.00000000000000000e-01   1.77618134323069029e+02
4.36555597112198157e+00   1.51984200103994506e-06   1.68636147144274195e+00   1.00000001164753805e+00   5.55056225917542179e+00   5.00000000000000000e-01   1.77617992293613497e+02
4.41948070513121305e+00   1.53507995106167156e-06   1.68636068069063216e+00   1.00000001189558985e+00   5.55055428472178569e+00   5.00000000000000000e-01   1.77617737111097142e+02
4.47394739172720701e+00   1.55045580108379304e-06   1.68636004627040492e+00   1.00000001208084499e+00   5.55054785197182365e+00   5.00000000000000000e-01   1.77617531263098357e+02
4.52896147762401124e+00   1.56600402610640969e-06   1.68636110378474857e+00   1.00000001221664214e+00   5.55055812112278968e+00   5.00000000000000000e-01   1.77617859875929270e+02
4.58452846427606087e+00   1.58169015112943319e-06   1.68636157759772431e+00   1.00000001231409974e+00   5.55056262596012129e+00   5.00000000000000000e-01   1.77618004030723881e+02
4.64065390842832848e+00   1.59755850115299414e-06   1.68636151717004878e+00   1.00000001238236846e+00   5.55056185543915959e+00   5.00000000000000000e-01   1.77617979374053107e+02
4.69734342267199878e+00   1.61355490117693363e-06   1.68636157712270340e+00   1.00000001242887104e+00   5.55056227094147125e+00   5.00000000000000000e-01   1.77617992670127080e+02
4.75460267600573872e+00   1.62973845120144103e-06   1.68635946581731355e+00   1.00000001245952919e+00   5.55054124892755407e+00   5.00000000000000000e-01   1.77617319965681730e+02
4.81243739440259688e+00   1.64606482622638194e-06   1.68636039870189780e+00   1.00000001173606212e+00   5.55055028878171175e+00   5.00000000000000000e-01   1.77617609241014776e+02
4.87085336138260860e+00   1.66257342625188169e-06   1.68636076116387867e+00   1.00000001215403711e+00   5.55055368496999701e+00   5.00000000000000000e-01   1.77617717919039904e+02
4.92985641859115464e+00   1.67922977627784223e-06   1.68636083013168969e+00   1.00000001247590720e+00   5.55055418180566029e+00   5.00000000000000000e-01   1.77617733817781129e+02
4.98945246638312145e+00   1.69606835130437115e-06   1.68635947891569860e+00   1.00000001272009964e+00   5.55054065605213331e+00   5.00000000000000000e-01   1.77617300993668266e+02
5.04964746441295453e+00   1.71306452633140039e-06   1.68635952686663737e+00   1.00000001290229501e+00   5.55054094167538015e+00   5.00000000000000000e-01   1.77617310133612165e+02
5.11044743223061904e+00   1.73024292635901368e-06   1.68635963957534263e+00   1.00000001303570274e+00   5.55054186472775068e+00   5.00000000000000000e-01   1.77617339671288022e+02
5.17185844988356092e+00   1.74758385138714761e-06   1.68636021964500538e+00   1.00000001313132536e+00   5.55054739988016532e+00   5.00000000000000000e-01   1.77617516796165290e+02
5.23388665852472545e+00   1.76510700141588040e-06   1.68635988057084707e+00   1.00000001319821208e+00   5.55054385888240365e+00   5.00000000000000000e-01   1.77617403484236917e+02
5.29653826102666514e+00   1.78280252644518014e-06   1.68636146697343370e+00   1.00000001324369725e+00   5.55055932518306960e+00   5.00000000000000000e-01   1.77617898405858227e+02
5.35981952260184080e+00   1.80067535147506925e-06   1.68636104318563596e+00   1.00000001327362598e+00   5.55055494392384485e+00   5.00000000000000000e-01   1.77617758205563035e+02
5.42373677142914357e+00   1.81873040150557290e-06   1.68636160757140896e+00   1.00000001257577775e+00   5.55056031642826575e+00   5.00000000000000000e-01   1.77617930125704504e+02
5.48829639928672020e+00   1.83696275153667481e-06   1.68636140013925417e+00   1.00000001299302155e+00   5.55055806714709199e+00   5.00000000000000000e-01   1.77617858148706944e+02
5.55350486219115869e+00   1.85538225156842258e-06   1.68636113999671777e+00   1.00000001331429744e+00   5.55055529545714510e+00   5.00000000000000000e-01   1.77617769454628643e+02
5.61936868104308740e+00   1.87398397660080055e-06   1.68636129761141507e+00   1.00000001355801293e+00   5.55055664602984589e+00   5.00000000000000000e-01   1.77617812672955068e+02
5.68589444227927920e+00   1.89277285163383305e-06   1.68636026663090210e+00   1.00000001373983038e+00   5.55054626014016073e+00   5.00000000000000000e-01   1.77617480324485143e+02
5.75308879853129618e+00   1.91175380166754632e-06   1.68636079696909746e+00   1.00000001387294279e+00   5.55055128625944150e+00   5.00000000000000000e-01   1.77617641160302128e+02
5.82095846929075922e+00   1.93092190170193848e-06   1.68636111508869746e+00   1.00000001396833871e+00   5.55055421514814196e+00   5.00000000000000000e-01   1.77617734884740543e+02
5.88951024158130387e+00   1.95028700173704525e-06   1.68636180842758865e+00   1.00000001403505534e+00   5.55056084626433677e+00   5.00000000000000000e-01   1.77617947080458777e+02
5.95875097063728276e+00   1.96983925177283069e-06   1.68636107509364663e+00   1.00000001408041506e+00   5.55055339039398277e+00   5.00000000000000000e-01   1.77617708492607449e+02
6.02868758058930343e+00   1.98959835180936669e-06   1.68636169244235790e+00   1.00000001411025385e+00   5.55055926696785740e+00   5.00000000000000000e-01   1.77617896542971437e+02
6.09932706515664336e+00   2.00954460184660043e-06   1.68636170556408227e+00   1.00000001341695199e+00   5.55055917611395877e+00   5.00000000000000000e-01   1.77617893635646681e+02
6.17067648834662474e+00   2.02970262688463848e-06   1.68636181390680062e+00   1.00000001383908677e+00   5.55056002311237595e+00   5.00000000000000000e-01   1.77617920739596030e+02
6.24274298516102277e+00   2.05004780192338697e-06   1.68636004270491879e+00   1.00000001416433859e+00   5.55054231209043003e+00   5.00000000000000000e-01   1.77617353986893761e+02
6.31553376230957753e+00   2.07061952696299559e-06   1.68636124558286138e+00   1.00000001441124842e+00   5.55055396035721582e+00   5.00000000000000000e-01   1.77617726731430906e+02
6.38905609893066018e+00   2.09137347700329859e-06   1.68636115580347168e+00   1.00000001459559784e+00   5.55055284460624332e+00   5.00000000000000000e-01   1.77617691027399786e+02
6.46331734731920271e+00   2.11235890204451972e-06   1.68636070279970784e+00   1.00000001473068734e+00   5.55054814062113788e+00   5.00000000000000000e-01   1.77617540499876412e+02
6.53832493366192846e+00   2.13353640208650293e-06   1.68636161886836966e+00   1.00000001482760159e+00   5.55055695045357123e+00   5.00000000000000000e-01   1.77617822414514279e+02
6.61408635877998030e+00   2.15494045212938439e-06   1.68636070479584155e+00   1.00000001489546064e+00   5.55054768988302083e+00   5.00000000000000000e-01   1.77617526076256667e+02
6.69060919887900152e+00   2.17657597717318398e-06   1.68636086943422536e+00   1.00000001494166191e+00   5.55054905516282382e+00   5.00000000000000000e-01   1.77617569765210362e+02
6.76790110630677422e+00   2.19838387721769578e-06   1.68636028912862246e+00   1.00000001497210356e+00   5.55054308525098516e+00   5.00000000000000000e-01   1.77617378728031525e+02
6.84596981031844898e+00   2.22045772726330764e-06   1.68636090446505071e+00   1.00000001425957019e+00   5.55054891684900031e+00   5.00000000000000000e-01   1.77617565339168010e+02
6.92482311784948568e+00   2.24270887730965243e-06   1.68636183255088112e+00   1.00000001469289046e+00   5.55055783361963506e+00   5.00000000000000000e-01   1.77617850675828322e+02
7.00446891429634988e+00   2.26522105235707696e-06   1.68636054058435203e+00   1.00000001502724389e+00   5.55054483047569569e+00   5.00000000000000000e-01   1.77617434575222262e+02
7.08491516430505541e+00   2.28793022740534360e-06   1.68636190828236021e+00   1.00000001528147187e+00   5.55055808232267900e+00   5.00000000000000000e-01   1.77617858634325728e+02
7.16616991256764457e+00   2.31089057745469172e-06   1.68636123805673654e+00   1.00000001547162864e+00   5.55055121226679127e+00   5.00000000000000000e-01   1.77617638792537321e+02
7.24824128462665307e+00   2.33406270250495132e-06   1.68636178462411968e+00   1.00000001561125851e+00   5.55055635243489753e+00   5.00000000000000000e-01   1.77617803277916721e+02
7.33113748768768225e+00   2.35748107755627126e-06   1.68636048223674440e+00   1.00000001571166264e+00   5.55054323625180501e+00   5.00000000000000000e-01   1.77617383560057760e+02
7.41486681144011683e+00   2.38112600260859915e-06   1.68636069797364274e+00   1.00000001578215358e+00   5.55054510510873378e+00   5.00000000000000000e-01   1.77617443363479481e+02
7.49943762888610976e+00   2.40501717766202888e-06   1.68636093741242998e+00   1.00000001583029530e+00   5.55054720533076384e+00   5.00000000000000000e-01   1.77617510570584443e+02
7.58485839717787869e+00   2.42913982771649407e-06   1.68636107609665875e+00   1.00000001586213139e+00   5.55054830819848632e+00   5.00000000000000000e-01   1.77617545862351562e+02
7.67113765846343654e+00   2.45351365277208606e-06   1.68636134125108050e+00   1.00000001510245506e+00   5.55055065695539529e+00   5.00000000000000000e-01   1.77617621022572649e+02
7.75828404074081490e+00   2.47812387782877573e-06   1.68636157492783645e+00   1.00000001555422391e+00   5.55055269223896719e+00   5.00000000000000000e-01   1.77617686151646950e+02
7.84630625872086007e+00   2.50299020288665486e-06   1.68636196493927670e+00   1.00000001590361021e+00   5.55055626819711723e+00   5.00000000000000000e-01   1.77617800582307751e+02
7.93521311469872437e+00   2.52809292794563166e-06   1.68636064382975914e+00   1.00000001616994694e+00   5.55054294839758811e+00   5.00000000000000000e-01   1.77617374348722819e+02
8.02501349943409537e+00   2.55346652800588552e-06   1.68636118685737513e+00   1.00000001636973024e+00   5.55054802945825898e+00   5.00000000000000000e-01   1.77617536942664287e+02
8.11571639304027848e+00   2.57907652806727727e-06   1.68636153194271410e+00   1.00000001651690185e+00   5.55055115352127260e+00   5.00000000000000000e-01   1.77617636912680723e+02
8.20733086588221994e+00   2.60496232812999645e-06   1.68636199481094362e+00   1.00000001662311799e+00   5.55055543784913574e+00   5.00000000000000000e-01   1.77617774011172344e+02
8.29986607948355193e+00   2.63108452819385354e-06   1.68636052347263798e+00   1.00000001669800320e+00   5.55054062417837102e+00   5.00000000000000000e-01   1.77617299973707873e+02
8.39333128744274681e+00   2.65749730325915103e-06   1.68636068811962536e+00   1.00000001674939587e+00   5.55054195881598034e+00   5.00000000000000000e-01   1.77617342682111371e+02
8.48773583635848716e+00   2.68415140332565078e-06   1.68636183834111830e+00   1.00000001678357608e+00   5.55055302057426214e+00   5.00000000000000000e-01   1.77617696658376389e+02
8.58308916676433853e+00   2.71109115339357403e-06   1.68636118772280397e+00   1.00000001684004047e+00   5.55054630063398236e+00   5.00000000000000000e-01   1.77617481620287435e+02
8.67940081407279784e+00   2.73828700346279432e-06   1.68636135902662154e+00   1.00000001642160763e+00   5.55054769210423782e+00   5.00000000000000000e-01   1.77617526147335610e+02
8.77668040952885953e+00   2.76576850353348638e-06   1.68636094280636040e+00   1.00000001679310180e+00   5.55054327903722289e+00   5.00000000000000000e-01   1.77617384929191132e+02
8.87493768117313486e+00   2.79351595360554870e-06   1.68636105984261353e+00   1.00000001707728803e+00   5.55054412870590319e+00   5.00000000000000000e-01   1.77617412118588902e+02
8.97418245481467025e+00   2.82155397867911792e-06   1.68636171741270258e+00   1.00000001729130128e+00   5.55055031169232649e+00   5.00000000000000000e-01   1.77617609974154448e+02
9.07442465501353190e+00   2.84985795375410228e-06   1.68636101473943723e+00   1.00000001744965639e+00   5.55054306261048325e+00   5.00000000000000000e-01   1.77617378003535464e+02
9.17567430607327950e+00   2.87846727883071162e-06   1.68636197437092594e+00   1.00000001756452028e+00   5.55055222142594662e+00   5.00000000000000000e-01   1.77617671085630292e+02
9.27794153304338920e+00   2.90733762890871030e-06   1.68636107592986151e+00   1.00000001764597046e+00   5.55054303330753296e+00   5.00000000000000000e-01   1.77617377065841055e+02
9.38123656273178419e+00   2.93652810398846474e-06   1.68636143817878970e+00   1.00000001770224189e+00   5.55054628809340223e+00   5.00000000000000000e-01   1.77617481218988871e+02
9.48556972472750992e+00   2.96598452906967963e-06   1.68636227802171135e+00   1.00000001773996039e+00   5.55055425467496288e+00   5.00000000000000000e-01   1.77617736149598812e+02
9.59095145243371228e+00   2.99575615415262534e-06   1.68636097090410031e+00   1.00000001776435932e+00   5.55054102218584422e+00   5.00000000000000000e-01   1.77617312709947015e+02
9.69739228411098253e+00   3.02581342923718554e-06   1.68636110755549318e+00   1.00000001729169385e+00   5.55054203994399131e+00   5.00000000000000000e-01   1.77617345278207722e+02
9.80490286393118637e+00   3.05618590432352992e-06   1.68636123388085224e+00   1.00000001769396518e+00   5.55054295241824569e+00   5.00000000000000000e-01   1.77617374477383862e+02
9.91349394304189779e+00   3.08685387941154676e-06   1.68636219035905710e+00   1.00000001800308169e+00   5.55055205717132250e+00   5.00000000000000000e-01   1.77617665829482320e+02
1.00231763806415231e+01   3.11783212950136813e-06   1.68636109342847651e+00   1.00000001823704054e+00   5.55054088631969922e+00   5.00000000000000000e-01   1.77617308362230375e+02
1.01339611450652214e+01   3.14912557959302702e-06   1.68636161047859834e+00   1.00000001841113373e+00   5.55054564597847300e+00   5.00000000000000000e-01   1.77617460671311136e+02
1.02458593148817609e+01   3.18072930468649595e-06   1.68636199237072093e+00   1.00000001853822407e+00   5.55054906782318103e+00   5.00000000000000000e-01   1.77617570170341793e+02
1.03588820800013686e+01   3.21265315478188538e-06   1.68636194187951638e+00   1.00000001862900478e+00   5.55054821746828075e+00   5.00000000000000000e-01   1.77617542958984984e+02
