0.00000000000000000e+00   3.63066504899999987e-07   1.67553759257349877e+00   1.00000000000000000e+00   1.00409157220128691e+01   5.44538596887956250e-01   2.48740961805940202e+02
1.00501670841679491e-02   3.66829204901323558e-07   1.67572733682495478e+00   1.00480540724148981e+00   9.91606012008835158e+00   5.43569411231454858e-01   2.46964263818918539e+02
2.02013400267557763e-02   3.67011429901326592e-07   1.67593091638898994e+00   1.00957244661614509e+00   9.79507875757462010e+00   5.42610282191095639e-01   2.45247091812076150e+02
3.04545339535169379e-02   3.70724879902615399e-07   1.67611991968537688e+00   1.01430025990738870e+00   9.67705809827429064e+00   5.41665108445410604e-01   2.43562686683515068e+02
4.08107741923882106e-02   3.71079479902627082e-07   1.67631187026154604e+00   1.01898800888019214e+00   9.56240490074698535e+00   5.40731824565870767e-01   2.41925322525849310e+02
5.12710963760241167e-02   3.74753529903888956e-07   1.67649283728084786e+00   1.02363487719268642e+00   9.45065260851487210e+00   5.39812220420895827e-01   2.40322069248088241e+02
6.18365465453596386e-02   3.75280504903914635e-07   1.67668719829262081e+00   1.02824007097391035e+00   9.34236991498581304e+00   5.38903672889942564e-01   2.38772122558451940e+02
7.25081812542163195e-02   3.78925004905156296e-07   1.67687465596247343e+00   1.03280281965664988e+00   9.23692620773224249e+00   5.38008698867713409e-01   2.37257293792638762e+02
8.32870676749586369e-02   3.79609579905199815e-07   1.67705141047499895e+00   1.03732237672473260e+00   9.13415532855346335e+00   5.37127739342603827e-01   2.35773852135565505e+02
9.41742837052104154e-02   3.83234379906427984e-07   1.67722697720425362e+00   1.04179802129937071e+00   9.03422538435171951e+00   5.36259848291467667e-01   2.34328476765179005e+02
1.05170918075647490e-01   3.84081479906494766e-07   1.67741111580015723e+00   1.04622905738536431e+00   8.93729316038712795e+00   5.35404230145022586e-01   2.32927411649349750e+02
1.16278070458871285e-01   3.87691504907712855e-07   1.67758877896339054e+00   1.05061481592985118e+00   8.84291253285826429e+00   5.34562502167877596e-01   2.31558030612473800e+02
1.27496851579375736e-01   3.88691279907805658e-07   1.67776084150889782e+00   1.05495465506986941e+00   8.75103667658218143e+00   5.33734597481880013e-01   2.30220201305778801e+02
1.38828383324621774e-01   3.92296379909020333e-07   1.67793333482403084e+00   1.05924796078659633e+00   8.66173813404481052e+00   5.32920018732905176e-01   2.28917470115916274e+02
1.50273798857227137e-01   3.93443904909142943e-07   1.67809591946748249e+00   1.06349414750590654e+00   8.57471424971691931e+00   5.32119746627967460e-01   2.27641542994822174e+02
1.61834242728283062e-01   3.97053929910361032e-07   1.67826650001968569e+00   1.06769265869932095e+00   8.49030193684940215e+00   5.31332280416774827e-01   2.26404221982600944e+02
1.73510870991810284e-01   3.98349204910517366e-07   1.67843260919834569e+00   1.07184296764619513e+00   8.40815620667935093e+00   5.30558693223706079e-01   2.25195889027416001e+02
1.85304851320365449e-01   4.01964154911738815e-07   1.67859340290956904e+00   1.07594457725153259e+00   8.32819780406015653e+00   5.29799069227920194e-01   2.24015180754921431e+02
1.97217363121810152e-01   4.03407179911932686e-07   1.67875516743844644e+00   1.07999702111653595e+00   8.25049982901855294e+00   5.29052938226433178e-01   2.22865507597220926e+02
2.09249597657251485e-01   4.07036904913164214e-07   1.67891966183276820e+00   1.08399986352974276e+00   8.17503664385474593e+00   5.28320187646082906e-01   2.21747167906548498e+02
2.21402758160169855e-01   4.08617829913397054e-07   1.67906885808418194e+00   1.08795270015521850e+00   8.10137996371012292e+00   5.27602061552303159e-01   2.20647769384572655e+02
2.33678059956743178e-01   4.12267254914642075e-07   1.67921971710477491e+00   1.09185515769439689e+00   8.02982318707933551e+00   5.26897327396584347e-01   2.19577576129884164e+02
2.46076730587380776e-01   4.13995929914920710e-07   1.67937977917157166e+00   1.09570689514329200e+00   7.96045510074139706e+00   5.26205491270624104e-01   2.18540413657335591e+02
2.58600009929478070e-01   4.17665054916179223e-07   1.67952942250133352e+00   1.09950760280026172e+00   7.89283709430594715e+00   5.25527800124964362e-01   2.17523431520914983e+02
2.71249150321404731e-01   4.19531629916504186e-07   1.67967190352658147e+00   1.10325700277106709e+00   7.82698544911076599e+00   5.24863916036654499e-01   2.16528151604902007e+02
2.84025416687741394e-01   4.23230304917782912e-07   1.67981353995453953e+00   1.10695484937206090e+00   7.76297191739795522e+00   5.24213402685973717e-01   2.15557751630042958e+02
2.96930086665771809e-01   4.25239704918159468e-07   1.67996107520994742e+00   1.11060092884331985e+00   7.70086975400489671e+00   5.23575811199221364e-01   2.14615481331472864e+02
3.09964450733247521e-01   4.28967929919458725e-07   1.68009714207676186e+00   1.11419505906220784e+00   7.64031070473460971e+00   5.22952044787867165e-01   2.13690598340180713e+02
3.23129812337437095e-01   4.31120154919891057e-07   1.68024248398629084e+00   1.11773708984834208e+00   7.58162098779169291e+00   5.22340856052814329e-01   2.12794339774064667e+02
3.36427488025472288e-01   4.34882854921214627e-07   1.68037578933452236e+00   1.12122690262262337e+00   7.52437828020512534e+00   5.21743294624713361e-01   2.11914163217389017e+02
3.49858807576003183e-01   4.37172979921704404e-07   1.68051109779032681e+00   1.12466441073665702e+00   7.46878725282497413e+00   5.21158511429506199e-01   2.11057395866688523e+02
3.63425114132177818e-01   4.40980004923059220e-07   1.68064439976736768e+00   1.12804955804665696e+00   7.41473427503636096e+00   5.20586590437901009e-01   2.10221268154070799e+02
3.77127764335957183e-01   4.43403104923607634e-07   1.68077192317548896e+00   1.13138231904240505e+00   7.36211341368446437e+00   5.20027572707065233e-01   2.09403232308822993e+02
3.90968128463780484e-01   4.47259379924997797e-07   1.68089841549575758e+00   1.13466269927068231e+00   7.31096615402385375e+00   5.19481111879573909e-01   2.08605368288099555e+02
4.04947590563593973e-01   4.49815454925608078e-07   1.68102075793872263e+00   1.13789073405619012e+00   7.26119775050445870e+00   5.18947216275978174e-01   2.07825433842720685e+02
4.19067548593257566e-01   4.53725904927037583e-07   1.68114322534078431e+00   1.14106648819925005e+00   7.21284362684664870e+00   5.18425537817745474e-01   2.07065310306780390e+02
4.33329414560340576e-01   4.56414954927712961e-07   1.68126254018763222e+00   1.14419005459058321e+00   7.16581175309489460e+00   5.17916068048472233e-01   2.06322804024915911e+02
4.47734614663324759e-01   4.60384504929186015e-07   1.68138338083689054e+00   1.14726155738863733e+00   7.12014076129304296e+00   5.17418474719686050e-01   2.05599842035737424e+02
4.62284589434224902e-01   4.63206529929930036e-07   1.68150178282782359e+00   1.15028114694848504e+00   7.07573183128098471e+00   5.16932757991109493e-01   2.04893977594131854e+02
4.76980793882642917e-01   4.67235179931447273e-07   1.68161422827515783e+00   1.15324900082820125e+00   7.03249480498065083e+00   5.16458873198751278e-01   2.04203029670926725e+02
4.91824697641270570e-01   4.70190179932263273e-07   1.68172515623679253e+00   1.15616532307741871e+00   6.99046588474297703e+00   5.15996486138683208e-01   2.03528803482227488e+02
5.06817785112853691e-01   4.74282854933829220e-07   1.68183193543339904e+00   1.15903034476850131e+00   6.94957267683350199e+00   5.15545519191527024e-01   2.02869632554921907e+02
5.21961555618634110e-01   4.77375754934723311e-07   1.68194667212166538e+00   1.16184432156469986e+00   6.90996478319025886e+00   5.15105395732768256e-01   2.02230906174267403e+02
5.37257523548281712e-01   4.81532454936338972e-07   1.68204986151159108e+00   1.16460753272371953e+00   6.87131955494837499e+00   5.14676572494183193e-01   2.01602975274806823e+02
5.52707218511336418e-01   4.84758329937311341e-07   1.68215273382640995e+00   1.16732028301973756e+00   6.83377526947516412e+00   5.14258502527453754e-01   2.00990829034179882e+02
5.68312185490169153e-01   4.88988904938985343e-07   1.68225501023431767e+00   1.16998290034567431e+00   6.79729700000404780e+00   5.13851019179847657e-01   2.00393933893605947e+02
5.84073984994482043e-01   4.92347754940040279e-07   1.68235687799630385e+00   1.17259573361915059e+00   6.76185907108808770e+00   5.13453933658227668e-01   1.99812038328880220e+02
5.99994193217360472e-01   4.96652204941772727e-07   1.68245196762614424e+00   1.17515915284859895e+00   6.72733960057268909e+00   5.13067236700804119e-01   1.99241817877105291e+02
6.16074402192893666e-01   5.00144029942912664e-07   1.68254666908854955e+00   1.17767354874823194e+00   6.69380554267222561e+00   5.12690559016269032e-01   1.98685934178350379e+02
6.32316219955379344e-01   5.04527279944709354e-07   1.68263684897475008e+00   1.18013933228545698e+00   6.66117311375106791e+00   5.12323819827648519e-01   1.98142239312428075e+02
6.48721270700128416e-01   5.08157004945940723e-07   1.68273472556987524e+00   1.18255693238641535e+00   6.62958561428686988e+00   5.11966519748960014e-01   1.97615812193933436e+02
6.65291194945886843e-01   5.12619054947803031e-07   1.68282201019909516e+00   1.18492679408901291e+00   6.59876414039201808e+00   5.11618926645897032e-01   1.97098259982565736e+02
6.82027649698886851e-01   5.16381754949127131e-07   1.68290847776161523e+00   1.18724938434798477e+00   6.56881979365735980e+00   5.11280607058043679e-01   1.96593601370024714e+02
6.98932308618551046e-01   5.20932454951063259e-07   1.68299553484217701e+00   1.18952518278871611e+00   6.53974468717533597e+00   5.10951345102282461e-01   1.96102054961015511e+02
7.16006862184858761e-01   5.24828129952481678e-07   1.68308078322011712e+00   1.19175468409366703e+00   6.51148703370737092e+00   5.10630999443850486e-01   1.95622426690957923e+02
7.33253017867395718e-01   5.29467479954494908e-07   1.68316121086557047e+00   1.19393839685877978e+00   6.48398225403907436e+00   5.10319446733305093e-01   1.95153099805650442e+02
7.50672500296101441e-01   5.33944304956369519e-07   1.68323632758318276e+00   1.19607684418083537e+00   6.45725291720106842e+00   5.10016425273008389e-01   1.94695224685302719e+02
7.68267051433735526e-01   5.38243829958098078e-07   1.68331767250288511e+00   1.19817056136851696e+00   6.43133023486756805e+00   5.09721668178245269e-01   1.94250217735401634e+02
7.86038430750074069e-01   5.42829004960063973e-07   1.68339837677891269e+00   1.20022009373131455e+00   6.40615204470693023e+00   5.09435054738124893e-01   1.93816504031453377e+02
8.03988415397857370e-01   5.47251654961893472e-07   1.68347838106205128e+00   1.20222599920074469e+00   6.38164932904917848e+00   5.09156471559767954e-01   1.93392275247208374e+02
8.22118800390509552e-01   5.51940254963949725e-07   1.68354655442477452e+00   1.20418884656992486e+00   6.35775192293995151e+00   5.08885800107630182e-01   1.92975676296080508e+02
8.40431398781638084e-01   5.56490954965885853e-07   1.68361980019635382e+00   1.20610921166776586e+00   6.33461399991849206e+00   5.08622613917098398e-01   1.92572004555828670e+02
8.58928041846342527e-01   5.61292829968041832e-07   1.68369242989951995e+00   1.20798767821872488e+00   6.31214241658877384e+00   5.08366840161712075e-01   1.92178649270918015e+02
8.77610579264344048e-01   5.65966654970085252e-07   1.68376018019082507e+00   1.20982483687966402e+00   6.29026556277622806e+00   5.08118371293816540e-01   1.91793674712354118e+02
8.96480879304952127e-01   5.70886729972349611e-07   1.68383152938171143e+00   1.21162128706494054e+00   6.26907104914538671e+00   5.07876893656951767e-01   1.91420223629824648e+02
9.15540829013896884e-01   5.75683679974501065e-07   1.68389549502230795e+00   1.21337763230076034e+00   6.24840400047560607e+00   5.07642406861232520e-01   1.91053680951566122e+02
9.34792334402032132e-01   5.80721954976874862e-07   1.68395995064214143e+00   1.21509448038047152e+00   6.22834613608853882e+00   5.07414616571628119e-01   1.90696978312909977e+02
9.54237320635940023e-01   5.85646954979143745e-07   1.68402172617720924e+00   1.21677244438984444e+00   6.20884291312772696e+00   5.07193399974098513e-01   1.90348685890353039e+02
9.73877732230448379e-01   5.90803429981631003e-07   1.68408059463004056e+00   1.21841214254009467e+00   6.18987536588929466e+00   5.06978590716473110e-01   1.90008503013372518e+02
9.93715533243083149e-01   5.95861404984023745e-07   1.68414166677337218e+00   1.22001419370395348e+00   6.17148980325944407e+00   5.06769955709757136e-01   1.89678203972577080e+02
1.01375270747047752e+00   6.01141004986630790e-07   1.68420351530386281e+00   1.22157921853652573e+00   6.15365293084507581e+00   5.06567359715906051e-01   1.89357007120616117e+02
1.03399125864675145e+00   6.06327029989146361e-07   1.68425807994013410e+00   1.22310783907456311e+00   6.13625177329618943e+00   5.06370746021847840e-01   1.89041580123636351e+02
1.05443321064388851e+00   6.11734679991881635e-07   1.68431729032100219e+00   1.22460067984862375e+00   6.11941780687296877e+00   5.06179804709077974e-01   1.88736395015475097e+02
1.07508060767412372e+00   6.17048754994523211e-07   1.68436637411637791e+00   1.22605836450827144e+00   6.10295956679598550e+00   5.05994562272174653e-01   1.88435591392792475e+02
1.09593551449436566e+00   6.22589379997394837e-07   1.68442415989243188e+00   1.22748151202879541e+00   6.08708743823195597e+00   5.05814652099114359e-01   1.88146140938937236e+02
1.11700001661267567e+00   6.28036430000169590e-07   1.68447573489494373e+00   1.22887075014987945e+00   6.07161120132260201e+00   5.05640095738732587e-01   1.87862211356910507e+02
1.13827622049681976e+00   6.33705105003174844e-07   1.68452636859074278e+00   1.23022669855394851e+00   6.05657861970506417e+00   5.05470689150572805e-01   1.87585566465148815e+02
1.15976625378491605e+00   6.39290055006092698e-07   1.68457496289794273e+00   1.23154997513045350e+00   6.04196636802239961e+00   5.05306300893077598e-01   1.87315688851643500e+02
1.18147226549820195e+00   6.45086780009236028e-07   1.68461926654015315e+00   1.23284119529973646e+00   6.02773602214615600e+00   5.05146820546330200e-01   1.87051564269055490e+02
1.20339642625593779e+00   6.50814555012304472e-07   1.68466579389619464e+00   1.23410097152652432e+00   6.01395131129552318e+00   5.04992041092328425e-01   1.86795452240791207e+02
1.22554092849246876e+00   6.56744255015592731e-07   1.68471117643181789e+00   1.23532991400486303e+00   6.00056131016122407e+00   5.04841864700513843e-01   1.86545931734841588e+02
1.24790798667647218e+00   6.62614855018816319e-07   1.68475638121940552e+00   1.23652862703351829e+00   5.98756404754277405e+00   5.04696156378852678e-01   1.86303138627746790e+02
1.27049983753240703e+00   6.68682455022260173e-07   1.68480360811200014e+00   1.23769771048948463e+00   5.97497517496867836e+00   5.04554774741097778e-01   1.86067762589570947e+02
1.29331874026418392e+00   6.74690955025637343e-07   1.68484149230705804e+00   1.23883776442914106e+00   5.96265476847404230e+00   5.04417687398200143e-01   1.85835523798208243e+02
1.31636697678109282e+00   6.80901380029245128e-07   1.68488487314129132e+00   1.23994937936454885e+00   5.95076107835953394e+00   5.04284647199316871e-01   1.85611664754461685e+02
1.33964685192599209e+00   6.87052705032783689e-07   1.68492231222760491e+00   1.24103314058750658e+00   5.93915415926383083e+00   5.04155634760800497e-01   1.85391881909492128e+02
1.36316069370579607e+00   6.93405955036558793e-07   1.68496235903000313e+00   1.24208962767742714e+00   5.92791986199055021e+00   5.04030469530686087e-01   1.85179088436117496e+02
1.38691085352427779e+00   6.99705030040270468e-07   1.68499992367434270e+00   1.24311941521876679e+00   5.91699124655874620e+00   5.03909073829403420e-01   1.84971314113052983e+02
1.41089970641721107e+00   7.06201105044217974e-07   1.68503685080176702e+00   1.24412307178908454e+00   5.90638131651741283e+00   5.03791323412912995e-01   1.84769133567505634e+02
1.43512965128987569e+00   7.12652855048111735e-07   1.68507459500818269e+00   1.24510115463624405e+00   5.89609636772944157e+00   5.03677107897313237e-01   1.84572896038902911e+02
1.45960311115695118e+00   7.19291755052234290e-07   1.68510855200468246e+00   1.24605422439123914e+00   5.88607595987230425e+00   5.03566355170566138e-01   1.84380817486645498e+02
1.48432253338481779e+00   7.25901105056319743e-07   1.68514676132373742e+00   1.24698282772606084e+00   5.87640022082353219e+00   5.03458905810933333e-01   1.84195609835068609e+02
1.50929038993629927e+00   7.32682830060621687e-07   1.68517785748098570e+00   1.24788750491354072e+00   5.86693540553869930e+00   5.03354735942789011e-01   1.84013133397668952e+02
1.53450917761785588e+00   7.39449780064904975e-07   1.68521068635373639e+00   1.24876878852621509e+00   5.85777212650011947e+00   5.03253699419895506e-01   1.83836412475229650e+02
1.55998141832927306e+00   7.46384180069403193e-07   1.68524459855064213e+00   1.24962720363619595e+00   5.84889409815381445e+00   5.03155704809717830e-01   1.83665060397022756e+02
1.58570965931584773e+00   7.53303805073882225e-07   1.68527181156431882e+00   1.25046326993422019e+00   5.84020909374447683e+00   5.03060703069780679e-01   1.83496255885420311e+02
1.61169647342311917e+00   7.60395805078586746e-07   1.68530299308538867e+00   1.25127749501111429e+00   5.83182460865575703e+00   5.02968545098190445e-01   1.83333558495296302e+02
1.63794445935415434e+00   7.67473030083271448e-07   1.68533008627576186e+00   1.25207038547458804e+00   5.82364746047900805e+00   5.02879200014559435e-01   1.83174092949695080e+02
1.66445624192941866e+00   7.74727555088193786e-07   1.68536354725149584e+00   1.25284243632488224e+00   5.81578306435720371e+00   5.02792520644651519e-01   1.83021353936175302e+02
1.69123447234926427e+00   7.81962380093089768e-07   1.68538988520944444e+00   1.25359413393302899e+00   5.80807893243080287e+00   5.02708494927725402e-01   1.82870574291012986e+02
1.71828182845904731e+00   7.89374505098229210e-07   1.68541434952003688e+00   1.25432595650277201e+00   5.80058471609196502e+00   5.02627016135278493e-01   1.82723447579920361e+02
1.74560101501691856e+00   7.96776780103355051e-07   1.68543979633389718e+00   1.25503837313702959e+00   5.79332474197968939e+00   5.02548007161665145e-01   1.82580839339514114e+02
1.77319476396429998e+00   8.04351430108722368e-07   1.68546544806171861e+00   1.25573184799983806e+00   5.78628407134452072e+00   5.02471384444545643e-01   1.82442384889479513e+02
1.80106583469908132e+00   8.11926080114089686e-07   1.68549446393137248e+00   1.25640683544760878e+00   5.77949065101696746e+00   5.02397062106574754e-01   1.82309073344963849e+02
1.82921701435156159e+00   8.19658330119681837e-07   1.68551510878479260e+00   1.25706377926207447e+00   5.77281330753667721e+00   5.02325024209201665e-01   1.82176797141956825e+02
1.85765111806316563e+00   8.27410280125302886e-07   1.68554185853274774e+00   1.25770312230415460e+00   5.76639992413259250e+00   5.02255150436756725e-01   1.82050364859653229e+02
1.88637098926796032e+00   8.35305055131133500e-07   1.68556198885614239e+00   1.25832529319484121e+00   5.76010964751305998e+00   5.02187415117416935e-01   1.81925369975413560e+02
1.91537949997699863e+00   8.43234305137014739e-07   1.68558557291982858e+00   1.25893071326163830e+00   5.75404402563837536e+00   5.02121712883380145e-01   1.81805143920524017e+02
1.94467955106552592e+00   8.51301455143103136e-07   1.68560927448887621e+00   1.25951979439131367e+00   5.74816258120169454e+00   5.02058000560953843e-01   1.81688465933768299e+02
1.97427407256306786e+00   8.59403080149243640e-07   1.68562850622465255e+00   1.26009294249270831e+00   5.74241132938376619e+00   5.01996241209548444e-01   1.81573679013760909e+02
2.00416602394643517e+00   8.67647530155602497e-07   1.68564987069602679e+00   1.26065055569940809e+00   5.73685501762346650e+00   5.01936339585804525e-01   1.81462942204506675e+02
2.03435839443567756e+00   8.75926455162014838e-07   1.68566867369069584e+00   1.26119302324414773e+00   5.73143851206006794e+00   5.01878256322081051e-01   1.81354563150328175e+02
2.06485420329300418e+00   8.84348205168649555e-07   1.68568654894002767e+00   1.26172072458273199e+00   5.72617542988865758e+00   5.01821938208077634e-01   1.81249037918297773e+02
2.09565650012471405e+00   8.92814280175354958e-07   1.68570845505257849e+00   1.26223404047958376e+00   5.72111252355279820e+00   5.01767317016922232e-01   1.81147928267091459e+02
2.12676836518615842e+00   9.01413330182272417e-07   1.68572612485419127e+00   1.26273333288051903e+00   5.71615874960683090e+00   5.01714357862086402e-01   1.81048396968528010e+02
2.15819290968977029e+00   9.10066555189277022e-07   1.68574506530026724e+00   1.26321895919833338e+00   5.71136670690970227e+00   5.01662993049290629e-01   1.80952189385201166e+02
2.18993327611618716e+00   9.18847830196491277e-07   1.68576122962744224e+00   1.26369126708490320e+00   5.70669073823556072e+00   5.01613198197539467e-01   1.80857891805670761e+02
2.22199263852850271e+00   9.27688205203802286e-07   1.68577571997417830e+00   1.26415060154440217e+00   5.70213801805845399e+00   5.01564917324947013e-01   1.80765797593209356e+02
2.25437420288967383e+00   9.36661555211335727e-07   1.68579351439486991e+00   1.26459729829839906e+00   5.69775621903556306e+00   5.01518082515802988e-01   1.80677497237863548e+02
2.28708120738312104e+00   9.45694005218968462e-07   1.68581097754321374e+00   1.26503168587760739e+00   5.69350344101411476e+00   5.01472660228321820e-01   1.80591704323380753e+02
2.32011692273654990e+00   9.54854505226819317e-07   1.68582415016368103e+00   1.26545408403695259e+00   5.68933473000952183e+00   5.01428634500274639e-01   1.80507014885326413e+02
2.35348465254902672e+00   9.64083955234785398e-07   1.68583857558932371e+00   1.26586480736184770e+00   5.68530409402005699e+00   5.01385936264984289e-01   1.80425221251579330e+02
2.38718773362133785e+00   9.73441455242977328e-07   1.68585424335223633e+00   1.26626416115867979e+00   5.68140785483449040e+00   5.01344520085282963e-01   1.80346260612438783e+02
2.42122953628967652e+00   9.82867905251290836e-07   1.68586801500127814e+00   1.26665244139887356e+00   5.67761013623482391e+00   5.01304354673237196e-01   1.80269032241898230e+02
2.45561346476267861e+00   9.92427330259839059e-07   1.68588430296906089e+00   1.26702994298862737e+00   5.67395241237773895e+00   5.01265413824038331e-01   1.80194885190047842e+02
2.49034295746184409e+00   1.00205078026850021e-06   1.68589552859900871e+00   1.26739695367341110e+00   5.67035381490857926e+00   5.01227656900469998e-01   1.80121298858782211e+02
2.52542148736538552e+00   1.01181705527742291e-06   1.68591047308133746e+00   1.26775375129510270e+00   5.66690153964318366e+00   5.01191026216382340e-01   1.80051108369000502e+02
2.56085256235552405e+00   1.02164243028645475e-06   1.68592129960448767e+00   1.26810060752551457e+00   5.66351201936863458e+00   5.01155506194724931e-01   1.79981679001496758e+02
2.59663972556928480e+00   1.03161555529575976e-06   1.68593286607774751e+00   1.26843778731629286e+00   5.66023157740819816e+00   5.01121076035050517e-01   1.79914507966239370e+02
2.63278655575281295e+00   1.04165270530518320e-06   1.68594542240155398e+00   1.26876554984961554e+00   5.65706030583712760e+00   5.01087676554705763e-01   1.79849665117876725e+02
2.66929666761924755e+00   1.05183760531488637e-06   1.68595947908205446e+00   1.26908414620473264e+00   5.65400017181708670e+00   5.01055275777205322e-01   1.79787250477026191e+02
2.70617371221020209e+00   1.06208653032471327e-06   1.68597133525659704e+00   1.26939382714951510e+00   5.65101108364680460e+00   5.01023856847485183e-01   1.79726010052812057e+02
2.74342137726086621e+00   1.07248320533482584e-06   1.68598158063026560e+00   1.26969483336439448e+00   5.64809577765403770e+00   5.00993405022043592e-01   1.79666048895359125e+02
2.78104338756878455e+00   1.08294883034507184e-06   1.68599057008304531e+00   1.26998739928383242e+00   5.64525579777518427e+00   5.00963866650718459e-01   1.79607475956350697e+02
2.81904350536633919e+00   1.09356713035561808e-06   1.68600259674065689e+00   1.27027175358256983e+00   5.64253171936323294e+00   5.00935206886708340e-01   1.79551621908879014e+02
2.85742553069697847e+00   1.10425438036630349e-06   1.68601396807803727e+00   1.27054811822185210e+00   5.63988411197526496e+00   5.00907417501242458e-01   1.79497243280012839e+02
2.89619330179521883e+00   1.11508938037728705e-06   1.68602129604509776e+00   1.27081671110134686e+00   5.63727577066407637e+00   5.00880485237529038e-01   1.79443171929205363e+02
2.93535069547047689e+00   1.12600810538843953e-06   1.68603264195475488e+00   1.27107774552650388e+00   5.63478643934970336e+00   5.00854350719560526e-01   1.79392011707152136e+02
2.97490162749475262e+00   1.13706473039987435e-06   1.68604032285547945e+00   1.27133142841319224e+00   5.63233534261594126e+00   5.00829001809542484e-01   1.79341206026364262e+02
3.01485005299420550e+00   1.14821493041150600e-06   1.68604899388592155e+00   1.27157795919074124e+00   5.62996826158851160e+00   5.00804426327971175e-01   1.79292227053443867e+02
3.05519996684467898e+00   1.15950303042342759e-06   1.68605806602088681e+00   1.27181754042588202e+00   5.62767677416985723e+00   5.00780599374287538e-01   1.79244835012405190e+02
3.09595540407118008e+00   1.17088963043555636e-06   1.68606860382056256e+00   1.27205035999035898e+00   5.62546948799390645e+00   5.00757479871918987e-01   1.79199349746856313e+02
3.13712044025139658e+00   1.18240920544796982e-06   1.68607626737435123e+00   1.27227660213563021e+00   5.62330018321842662e+00   5.00735052452455531e-01   1.79154316804708202e+02
3.17869919192325057e+00   1.19403220546060949e-06   1.68608231612061199e+00   1.27249644651661020e+00   5.62118024735757960e+00   5.00713320669071038e-01   1.79110096162282588e+02
3.22069581699655672e+00   1.20579803047356152e-06   1.68609292853023152e+00   1.27271007493844768e+00   5.61917002291667789e+00   5.00692241179427233e-01   1.79068658350802394e+02
3.26311451516882212e+00   1.21765743048671843e-06   1.68609855903395878e+00   1.27291766010174956e+00   5.61717105103309411e+00   5.00671793568625900e-01   1.79026888970906157e+02
3.30595952834521079e+00   1.22966950550021751e-06   1.68610173780565376e+00   1.27311936928472358e+00   5.61524737895172343e+00   5.00651950932301748e-01   1.78986858913505984e+02
3.34923514106274567e+00   1.24178008051394049e-06   1.68611098456578912e+00   1.27331536562878944e+00   5.61340281202686331e+00   5.00632729578963986e-01   1.78948673212103387e+02
3.39294568091876148e+00   1.25403348052798791e-06   1.68611500170008521e+00   1.27350580777886879e+00   5.61156180402873161e+00   5.00614090306435000e-01   1.78909966522267524e+02
3.43709551900366961e+00   1.26640508054230444e-06   1.68612485408531509e+00   1.27369084910585517e+00   5.60983451039956282e+00   5.00595996172394142e-01   1.78874291214088572e+02
3.48168907033806985e+00   1.27890473055692263e-06   1.68612930795025218e+00   1.27387064315357934e+00   5.60810593861246609e+00   5.00578442962032244e-01   1.78837986249496481e+02
3.52673079431425762e+00   1.29153735557185431e-06   1.68613658834106706e+00   1.27404533712610712e+00   5.60645755200479634e+00   5.00561450628162263e-01   1.78803628589090891e+02
3.57222519514216419e+00   1.30429310558707623e-06   1.68614168142858323e+00   1.27421507364856268e+00   5.60483708229441735e+00   5.00544962489853806e-01   1.78769612900992911e+02
3.61817682229978566e+00   1.31719168060264145e-06   1.68614966927408427e+00   1.27437999141644753e+00   5.60329449547324465e+00   5.00528957594363777e-01   1.78737555996731516e+02
3.66459027098813106e+00   1.33021338061850730e-06   1.68615848939131707e+00   1.27454022487930518e+00   5.60176819697702832e+00   5.00513433869619662e-01   1.78705496071569200e+02
3.71147018259074635e+00   1.34337298063470990e-06   1.68616371548444888e+00   1.27469590492317875e+00   5.60029113220923058e+00   5.00498409701457647e-01   1.78674464914355582e+02
3.75882124513785953e+00   1.35666555565123869e-06   1.68616986462453844e+00   1.27484716123001052e+00   5.59886759817959856e+00   5.00483825866760546e-01   1.78644663702609023e+02
3.80664819377518437e+00   1.37009603066811589e-06   1.68617535747831315e+00   1.27499411854236167e+00   5.59748081789140262e+00   5.00469670684559609e-01   1.78615570230734960e+02
3.85495581123743936e+00   1.38366440568534149e-06   1.68618159163551229e+00   1.27513689552710452e+00   5.59614347127280531e+00   5.00455945613395237e-01   1.78587588069812625e+02
3.90374892832662823e+00   1.39737068070291548e-06   1.68618693340121140e+00   1.27527561524503974e+00   5.59483793209941105e+00   5.00442661139813172e-01   1.78560144018085822e+02
3.95303242439512115e+00   1.41121485572084783e-06   1.68618982326095734e+00   1.27541038913162308e+00   5.59354709465447453e+00   5.00429766759065142e-01   1.78532746577431539e+02
4.00281122783359322e+00   1.42520678073916601e-06   1.68619464407121500e+00   1.27554132770769169e+00   5.59231418821848347e+00   5.00417247576122270e-01   1.78506791835133498e+02
4.05309031656387386e+00   1.43933660575784423e-06   1.68619956718462172e+00   1.27566853811803882e+00   5.59111953517846949e+00   5.00405118917764957e-01   1.78481635796229369e+02
4.10387471853673169e+00   1.45361418077691654e-06   1.68620314175442010e+00   1.27579213044124318e+00   5.58994757443105073e+00   5.00393376057674422e-01   1.78456787147575454e+02
4.15516951223468745e+00   1.46803950579638717e-06   1.68620943025713332e+00   1.27591220649252501e+00   5.58883767153207245e+00   5.00381972599435176e-01   1.78433552633885597e+02
4.20697982717985486e+00   1.48260765581624280e-06   1.68621382789322904e+00   1.27602886583238351e+00   5.58774311757555431e+00   5.00370901752746344e-01   1.78410448677795358e+02
4.25931084444690544e+00   1.49732848083651811e-06   1.68621771996559788e+00   1.27614220500167641e+00   5.58667651688052747e+00   5.00360188197894518e-01   1.78387851561880865e+02
4.31216779718117316e+00   1.51219705585720424e-06   1.68622213142611344e+00   1.27625231671701145e+00   5.58564724619197861e+00   5.00349808537074670e-01   1.78366086028000154e+02
4.36555597112198157e+00   1.52721830587831470e-06   1.68622552568239570e+00   1.27635929516238700e+00   5.58463882241332144e+00   5.00339729273251210e-01   1.78344661841264298e+02
4.41948070513121305e+00   1.54239223089985776e-06   1.68622895114000060e+00   1.27646322967429726e+00   5.58366114198541119e+00   5.00329941005681733e-01   1.78323905329955522e+02
4.47394739172720701e+00   1.55772375592185223e-06   1.68623353795550712e+00   1.27656420668862469e+00   5.58272433131146251e+00   5.00320480931651601e-01   1.78304100410563620e+02
4.52896147762401124e+00   1.57320795594428417e-06   1.68623752909600988e+00   1.27666231058628044e+00   5.58181012396344656e+00   5.00311308717964809e-01   1.78284707084705985e+02
4.58452846427606087e+00   1.58884975596717684e-06   1.68623940935339212e+00   1.27675762295248707e+00   5.58090243031207223e+00   5.00302400657136159e-01   1.78265236961687663e+02
4.64065390842832848e+00   1.60465408099054906e-06   1.68624281542741006e+00   1.27685022185999331e+00   5.58003690398176122e+00   5.00293747150019286e-01   1.78246839319521797e+02
4.69734342267199878e+00   1.62061600601438604e-06   1.68624601110863237e+00   1.27694018466047887e+00   5.57919527620810651e+00   5.00285399102048944e-01   1.78228876431191850e+02
4.75460267600573872e+00   1.63674538103872922e-06   1.68625003255692452e+00   1.27702758716439591e+00   5.57838724987793277e+00   5.00277294967205077e-01   1.78211724242581312e+02
4.81243739440259688e+00   1.65303235606355050e-06   1.68625308078569058e+00   1.27711250372962848e+00   5.57759404164605410e+00   5.00269421798519298e-01   1.78194796711221557e+02
4.87085336138260860e+00   1.66949170608889658e-06   1.68625624768224136e+00   1.27719500314248480e+00   5.57682586007421754e+00   5.00261775493925920e-01   1.78178424507179443e+02
4.92985641859115464e+00   1.68610865611473432e-06   1.68625767664013870e+00   1.27727516125452145e+00   5.57606346233598504e+00   5.00254409319395688e-01   1.78161936053465098e+02
4.98945246638312145e+00   1.70290783114114043e-06   1.68626098839106531e+00   1.27735303746508166e+00   5.57534235904963271e+00   5.00247249886705325e-01   1.78146544503836225e+02
5.04964746441295453e+00   1.71986460616804348e-06   1.68626413248398332e+00   1.27742869889697630e+00   5.57464136696728296e+00   5.00240292272545295e-01   1.78131578447784960e+02
5.11044743223061904e+00   1.73700853119554622e-06   1.68626829474265372e+00   1.27750221053110491e+00   5.57397163006014651e+00   5.00233543449522089e-01   1.78117386670653929e+02
5.17185844988356092e+00   1.75430513122353809e-06   1.68626895119993225e+00   1.27757363408213109e+00   5.57328751502425579e+00   5.00227037721553192e-01   1.78102474418219032e+02
5.23388665852472545e+00   1.77180365625218992e-06   1.68627225562101568e+00   1.27764302907047611e+00   5.57264976979656979e+00   5.00220712373544152e-01   1.78088850036472337e+02
5.29653826102666514e+00   1.78945485628134381e-06   1.68627578930231126e+00   1.27771045336348799e+00   5.57203365444929766e+00   5.00214563340814489e-01   1.78075727412575588e+02
5.35981952260184080e+00   1.80730305631114984e-06   1.68627626723069013e+00   1.27777596203542632e+00   5.57140587341392823e+00   5.00208609720185771e-01   1.78062022137760721e+02
5.42373677142914357e+00   1.82532363134153722e-06   1.68628082523289180e+00   1.27783961092947429e+00   5.57083685006649265e+00   5.00202861021051826e-01   1.78049974865420182e+02
5.48829639928672020e+00   1.84352643137253935e-06   1.68628111707984019e+00   1.27790145295837188e+00   5.57024321509550902e+00   5.00197272340007215e-01   1.78036969112450294e+02
5.55350486219115869e+00   1.86192130640420191e-06   1.68628463340896717e+00   1.27796153822373282e+00   5.56969880443906895e+00   5.00191836605988871e-01   1.78025372413906638e+02
5.61936868104308740e+00   1.88049348143647756e-06   1.68628724910744521e+00   1.27801992341337534e+00   5.56916204312464913e+00   5.00186582307751371e-01   1.78013825622108044e+02
5.68589444227927920e+00   1.89925773146942296e-06   1.68628754892229105e+00   1.27807665391665992e+00   5.56861842784173344e+00   5.00181502730005501e-01   1.78001872360241066e+02
5.75308879853129618e+00   1.91821405650303240e-06   1.68629038900649864e+00   1.27813177351063989e+00   5.56811586314733553e+00   5.00176560639932544e-01   1.77991083711421709e+02
5.82095846929075922e+00   1.93735753153733491e-06   1.68629187396726454e+00   1.27818533075778773e+00   5.56761507028445646e+00   5.00171753523946161e-01   1.77980206872110330e+02
5.88951024158130387e+00   1.95670293157237022e-06   1.68629481354124922e+00   1.27823737187990782e+00   5.56714344603594036e+00   5.00167114782944289e-01   1.77970082033932528e+02
5.95875097063728276e+00   1.97623548160808420e-06   1.68629732256982767e+00   1.27828794031129367e+00   5.56668190502954197e+00   5.00162620718737072e-01   1.77960124459815802e+02
6.02868758058930343e+00   1.99596995664453055e-06   1.68629795045840636e+00   1.27833707801240859e+00   5.56621571202075049e+00   5.00158247935821532e-01   1.77949888088677227e+02
6.09932706515664336e+00   2.01590143168170847e-06   1.68629914546960213e+00   1.27838482573171719e+00   5.56576867077407300e+00   5.00153992471374487e-01   1.77940138174378291e+02
6.17067648834662474e+00   2.03603975671967167e-06   1.68630139943161828e+00   1.27843122226524297e+00   5.56534520979220648e+00   5.00149893240405707e-01   1.77930974833236405e+02
6.24274298516102277e+00   2.05637508175838295e-06   1.68630290627399759e+00   1.27847630762781761e+00   5.56492708958171445e+00   5.00145912812476112e-01   1.77921854936017667e+02
6.31553376230957753e+00   2.07692218179789812e-06   1.68630420300601314e+00   1.27852011594869786e+00   5.56451931828037072e+00   5.00142037927262972e-01   1.77912952786370425e+02
6.38905609893066018e+00   2.09767120683818166e-06   1.68630550118774125e+00   1.27856269033316838e+00   5.56412356543794395e+00   5.00138265733254817e-01   1.77904324845862675e+02
6.46331734731920271e+00   2.11863693187932498e-06   1.68630728295291465e+00   1.27860406338671639e+00   5.56374421628715332e+00   5.00134636947787592e-01   1.77896067919173021e+02
6.53832493366192846e+00   2.13980950692128831e-06   1.68630968902562861e+00   1.27864426938806597e+00   5.56338237728581220e+00   5.00131104590918807e-01   1.77888267567241343e+02
6.61408635877998030e+00   2.16119878196411140e-06   1.68631116420241822e+00   1.27868333830227154e+00   5.56302234694946307e+00   5.00127664805643857e-01   1.77880425889639469e+02
6.69060919887900152e+00   2.18279983200777440e-06   1.68631192585446077e+00   1.27872130572927656e+00   5.56266589051171145e+00   5.00124319590983135e-01   1.77872597213422779e+02
6.76790110630677422e+00   2.20462743205236783e-06   1.68631425938571256e+00   1.27875820398659035e+00   5.56233532795669472e+00   5.00121094403950139e-01   1.77865468116697599e+02
6.84596981031844898e+00   2.22666188209781643e-06   1.68631438837076830e+00   1.27879406340047130e+00   5.56199295563090068e+00   5.00117952935204113e-01   1.77857871735517080e+02
6.92482311784948568e+00   2.24893765714426315e-06   1.68631661335761818e+00   1.27882891351102557e+00   5.56168116752461206e+00   5.00114892125378296e-01   1.77851166995114568e+02
7.00446891429634988e+00   2.27141535719154516e-06   1.68631696936533015e+00   1.27886278278312382e+00   5.56136030543169468e+00   5.00111918778448961e-01   1.77844078488007170e+02
