0.00000000000000000e+00   5.04759600848070120e-19   0.00000000000000000e+00   0.00000000000000000e+00   0.00000000000000000e+00   0.00000000000000000e+00   0.00000000000000000e+00   0.00000000000000000e+00   0.00000000000000000e+00
1.00501670841679491e-02   4.98662752619215591e-19   8.81017650046515279e+06   4.21021431651238672e+04   3.47448893643317069e+03   4.96977755517213993e+00   4.92609943373668139e+04   3.48936127582384461e+03   4.96977755517213993e+00
2.02013400267557763e-02   4.92467923024023398e-19   3.52610233001056686e+07   1.67517730513258313e+05   1.36583923757345092e+04   1.86128347458495220e+01   1.95880935099772818e+05   1.37162784568417410e+04   1.86128347458495220e+01
3.04545339535169379e-02   4.86195465167692312e-19   7.93705593118192106e+07   3.74795936338535161e+05   3.01849979156989648e+04   3.91519984057629173e+01   4.37984572182708129e+05   3.03117263763789633e+04   3.91519984057629173e+01
4.08107741923882106e-02   4.79834357292587378e-19   1.41139899412235528e+08   6.62324463724335073e+05   5.26766102063027356e+04   6.49624871360761773e+01   7.73511970820939518e+05   5.28958065740538004e+04   6.49624871360761773e+01
5.12710963760241167e-02   4.73395367861655220e-19   2.20552846011440396e+08   1.02834062985444604e+06   8.07484803476223460e+04   9.45837838909277622e+01   1.20023375307793915e+06   8.10816932859199878e+04   9.45837838909277622e+01
6.18365465453596386e-02   4.66862940644567495e-19   3.17575746220364988e+08   1.47089943894953560e+06   1.14002332546842619e+05   1.26683514474898701e+02   1.71571111893551028e+06   1.14469113099304290e+05   1.26683514474898701e+02
7.25081812542163195e-02   4.60252566601044811e-19   4.32157133942553103e+08   1.98792644226561720e+06   1.52039915187600913e+05   1.60107985089014875e+02   2.31736431342690904e+06   1.52657966220540926e+05   1.60107985089014875e+02
8.32870676749586369e-02   4.53568517465290700e-19   5.64227442745013833e+08   2.57718878037973912e+06   1.94457019680185942e+05   1.93843927320187504e+02   3.00243623206386669e+06   1.95242297269572708e+05   1.93843927320187504e+02
9.41742837052104154e-02   4.46805969794462457e-19   7.13698742920447111e+08   3.23627382712951163e+06   2.40839908478749334e+05   2.26997128974287904e+02   3.76796628957799356e+06   2.41806695100718731e+05   2.26997128974287904e+02
1.05170918075647490e-01   4.39960066821039838e-19   8.80465020539506555e+08   3.96259529524433194e+06   2.90767738095429842e+05   2.58794886228403811e+02   4.61079904922478367e+06   2.91928720982435683e+05   2.58794886228403811e+02
1.16278070458871285e-01   4.33043385992858940e-19   1.06440165860869753e+09   4.75347983089403249e+06   3.43831876134509628e+05   2.88638292002695152e+02   5.52769386956320889e+06   3.45198309017002874e+05   2.88638292002695152e+02
1.27496851579375736e-01   4.26057605604088492e-19   1.26536520710167170e+09   5.60607303707266785e+06   3.99616344550961454e+05   3.16021608392532642e+02   6.51520687009221129e+06   4.01198096366813756e+05   3.16021608392532642e+02
1.38828383324621774e-01   4.19000985229341388e-19   1.48319363043360257e+09   6.51734682225182094e+06   4.57700460968479165e+05   3.40534213235375660e+02   7.56970105738421995e+06   4.59506069748784415e+05   3.40534213235375660e+02
1.50273798857227137e-01   4.11883355532517908e-19   1.71770678438494635e+09   7.48421625665327068e+06   5.17682281104999362e+05   3.61912872961045821e+02   8.68749215177953616e+06   5.19719100677636918e+05   3.61912872961045821e+02
1.61834242728283062e-01   4.04695077051140725e-19   1.96870575374161243e+09   8.50329476195059530e+06   5.79131593276206870e+05   3.79905149540524008e+02   9.86454463566221111e+06   5.81405720238925540e+05   3.79905149540524008e+02
1.73510870991810284e-01   3.97447823584435005e-19   2.23597252141119814e+09   9.57124244908535294e+06   6.41658156556363218e+05   3.94434835410795074e+02   1.10969050072766189e+07   6.44174642793827341e+05   3.94434835410795074e+02
1.85304851320365449e-01   3.90145355046466940e-19   2.51927140931802702e+09   1.06845411830667276e+07   7.04867103923570830e+05   4.05469993942869962e+02   1.23804215021908414e+07   7.07629959668814787e+05   4.05469993942869962e+02
1.97217363121810152e-01   3.82786679563535581e-19   2.81834906747008657e+09   1.18394869983224217e+07   7.68359114309055731e+05   4.13020751931151608e+02   1.37107359534355812e+07   7.71371307554632076e+05   4.13020751931151608e+02
2.09249597657251485e-01   3.75374149451428723e-19   3.13293394723237896e+09   1.30322886025669873e+07   8.31749221447634278e+05   4.17170865862483197e+02   1.50834057346719895e+07   8.35012743167922250e+05   4.17170865862483197e+02
2.21402758160169855e-01   3.67923914128057810e-19   3.46273554170664597e+09   1.42593033941490278e+07   8.94706375182822696e+05   4.18130000655877268e+02   1.64941914896813612e+07   8.98222435570884263e+05   4.18130000655877268e+02
2.33678059956743178e-01   3.60428186591016037e-19   3.80744806802490616e+09   1.55163879498044960e+07   9.56840460473667714e+05   4.16019390573407065e+02   1.79382614596802853e+07   9.60609253665691824e+05   4.16019390573407065e+02
2.46076730587380776e-01   3.52885945285027046e-19   4.16674873373082781e+09   1.67993722297697999e+07   1.01778701941511640e+06   4.11028416397463729e+02   1.94107741219242886e+07   1.02180780512049003e+06   4.11028416397463729e+02
2.58600009929478070e-01   3.45314881391891627e-19   4.54029794789896297e+09   1.81044546976644620e+07   1.07726752388991439e+06   4.03477815729491681e+02   2.09073551036336161e+07   1.08153890043525980e+06   4.03477815729491681e+02
2.71249150321404731e-01   3.37717165617492518e-19   4.92773761176649570e+09   1.94274387665555961e+07   1.13496498411381594e+06   3.93619517695453112e+02   2.24231682940904498e+07   1.13948471166139282e+06   3.93619517695453112e+02
2.84025416687741394e-01   3.30093114875195486e-19   5.32869848054723549e+09   2.07640101428374350e+07   1.19056839479348343e+06   3.81707008476052579e+02   2.39532530692449845e+07   1.19533337840917194e+06   3.81707008476052579e+02
2.96930086665771809e-01   3.22443018455655356e-19   5.74279486852128696e+09   2.21097559309164137e+07   1.24377840006668353e+06   3.68000205710101511e+02   2.54925489253623188e+07   1.24878468725705915e+06   3.68000205710101511e+02
3.09964450733247521e-01   3.14783438992178309e-19   6.16962632742777538e+09   2.34607980991285220e+07   1.29439662639639596e+06   3.52847534986527478e+02   2.70366543065013140e+07   1.29963968750435417e+06   3.52847534986527478e+02
3.23129812337437095e-01   3.07105679865373541e-19   6.60877545989698315e+09   2.48123225894705392e+07   1.34211297632405488e+06   3.36456513966085140e+02   2.85800597721913308e+07   1.34758728833488282e+06   3.36456513966085140e+02
3.36427488025472288e-01   2.99429077978248091e-19   7.05981839421356487e+09   2.61606168647744730e+07   1.38679141052869963e+06   3.19173899573281858e+02   3.01185884684803933e+07   1.39249096306164912e+06   3.19173899573281858e+02
3.49858807576003183e-01   2.91749755421968291e-19   7.52231586445258713e+09   2.75010273826384544e+07   1.42818566117461887e+06   3.01212523589924388e+02   3.16469512177617289e+07   1.43410354807014670e+06   3.01212523589924388e+02
3.63425114132177818e-01   2.84075860433555912e-19   7.99581591664005566e+09   2.88294172948570102e+07   1.46613950758745056e+06   2.82831394927802023e+02   3.31604885629797764e+07   1.47226815673142322e+06   2.82831394927802023e+02
3.77127764335957183e-01   2.76415419504790359e-19   8.47985356606995773e+09   3.01417105488931686e+07   1.50052077780223521e+06   2.64268727360504329e+02   3.46546230009602904e+07   1.50685196944215102e+06   2.64268727360504329e+02
3.90968128463780484e-01   2.68771101703000903e-19   8.97396055594883919e+09   3.14336179324951880e+07   1.53118428832828091e+06   2.45718266804164955e+02   3.61245327045343518e+07   1.53770906275075232e+06   2.45718266804164955e+02
4.04947590563593973e-01   2.61150695809463268e-19   9.47765578706071281e+09   3.27011853339064978e+07   1.55804205381352641e+06   2.27375222692961614e+02   3.75658015518537834e+07   1.56475083662080090e+06   2.27375222692961614e+02
4.19067548593257566e-01   2.53557429837681717e-19   9.99044730518329620e+09   3.39402435815868750e+07   1.58099414348420245e+06   2.09393692140611563e+02   3.89737667550491840e+07   1.58787665993327927e+06   2.09393692140611563e+02
4.33329414560340576e-01   2.45999322032655585e-19   1.05118356880054493e+10   3.51470271121190414e+07   1.59999979150266736e+06   1.91924761606959322e+02   4.03442472232001200e+07   1.60704520422900212e+06   1.91924761606959322e+02
4.47734614663324759e-01   2.38479567734118331e-19   1.10413207949752293e+10   3.63175502461570576e+07   1.61500238788987859e+06   1.75079516266709874e+02   4.16728070131084546e+07   1.62219920815684437e+06   1.75079516266709874e+02
4.62284589434224902e-01   2.31006676286925715e-19   1.15783927786302776e+10   3.74483322077044919e+07   1.62601106228666753e+06   1.58966260791492374e+02   4.29556065555901229e+07   1.63334731638433575e+06   1.58966260791492374e+02
4.76980793882642917e-01   2.23588793722520783e-19   1.21225324975328712e+10   3.85360335373574346e+07   1.63305593485871633e+06   1.43669208022344861e+02   4.41889721952148825e+07   1.64051919863420492e+06   1.43669208022344861e+02
4.91824697641270570e-01   2.16229366917064916e-19   1.26732206297887058e+10   3.95770703697302938e+07   1.63614653887873236e+06   1.29238636746472650e+02   4.53689446884077191e+07   1.64372384822854330e+06   1.29238636746472650e+02
5.06817785112853691e-01   2.08935996074062371e-19   1.32299385670661507e+10   4.05684043028072268e+07   1.63535164007680956e+06   1.15719100613910058e+02   4.64922006137943268e+07   1.64302965783917531e+06   1.15719100613910058e+02
5.21961555618634110e-01   2.01707939212569555e-19   1.37921616345670948e+10   4.15062865426858291e+07   1.63067641711711208e+06   1.03118184811391004e+02   4.75545893496474549e+07   1.63844121198556176e+06   1.03118184811391004e+02
5.37257523548281712e-01   1.94562192567166104e-19   1.43593569061383362e+10   4.23890270368515551e+07   1.62232287970604911e+06   9.14705801689233056e+01   4.85543493897165507e+07   1.63016055129294586e+06   9.14705801689233056e+01
5.52707218511336418e-01   1.87498397255833177e-19   1.49310003053425217e+10   4.32133252927501276e+07   1.61033854184380895e+06   8.07564658048522119e+01   4.94878426241758540e+07   1.61823472131254897e+06   8.07564658048522119e+01
5.68312185490169153e-01   1.80522628867387412e-19   1.55065683433488789e+10   4.39767672625270560e+07   1.59485251222461113e+06   7.09602560925009982e+01   5.03524549313427508e+07   1.60279262879209267e+06   7.09602560925009982e+01
5.84073984994482043e-01   1.73640610479964892e-19   1.60855355126055775e+10   4.46771169811903685e+07   1.57600653201182187e+06   6.20558514790935547e+01   5.11457713053829297e+07   1.58397586332285870e+06   6.20558514790935547e+01
5.99994193217360472e-01   1.66861274827493955e-19   1.66673683705213089e+10   4.53128212720603272e+07   1.55399425596703100e+06   5.40136214282892837e+01   5.18661559190155491e+07   1.56197812062683585e+06   5.40136214282892837e+01
6.16074402192893666e-01   1.60186814901208416e-19   1.72515530373126183e+10   4.58816957436923832e+07   1.52894917731496133e+06   4.67871399460001101e+01   5.25112354894355685e+07   1.53693275126448274e+06   4.67871399460001101e+01
6.32316219955379344e-01   1.53624640212792952e-19   1.78375741814974251e+10   4.63825484403823316e+07   1.50107727668104880e+06   4.03329923814291647e+01   5.30797699665748477e+07   1.50904587008722848e+06   4.03329923814291647e+01
6.48721270700128416e-01   1.47174063369547715e-19   1.84249188094034004e+10   4.68131389544553608e+07   1.47049876187604899e+06   3.45950895904427895e+01   5.35693049883561581e+07   1.47843753860616591e+06   3.45950895904427895e+01
6.65291194945886843e-01   1.40848831142300132e-19   1.90130654153104897e+10   4.71738779410141706e+07   1.43751951165993349e+06   2.95310165035226184e+01   5.39804167441983297e+07   1.44541419979812182e+06   2.95310165035226184e+01
6.82027649698886851e-01   1.34649014340813834e-19   1.96015243329947014e+10   4.74632569894131273e+07   1.40229050360236503e+06   2.50826589014971439e+01   5.43114663486378789e+07   1.41012687517238804e+06   2.50826589014971439e+01
6.98932308618551046e-01   1.28578566244066121e-19   2.01898002404291763e+10   4.76806390214545429e+07   1.36501634974975907e+06   2.11967235920776034e+01   5.45618022659564018e+07   1.37278045600101491e+06   2.11967235920776034e+01
7.16006862184858761e-01   1.22642875336496954e-19   2.07774026882786598e+10   4.78259697575020790e+07   1.32592718837847118e+06   1.78219451314483095e+01   5.47314256112927720e+07   1.33360550674211839e+06   1.78219451314483095e+01
7.33253017867395718e-01   1.16847199322938782e-19   2.13638392888985519e+10   4.78995071416235268e+07   1.28525770561141963e+06   1.49082730210436729e+01   5.48206788031853512e+07   1.29283721346005518e+06   1.49082730210436729e+01
7.50672500296101441e-01   1.11195353288572176e-19   2.19486509320416336e+10   4.79016078869086877e+07   1.24323020052570454e+06   1.24069173029343691e+01   5.48300020255863518e+07   1.25069838722400670e+06   1.24069173029343691e+01
7.68267051433735526e-01   1.05686158104538815e-19   2.25313745168930855e+10   4.78317017289385349e+07   1.20000092175315879e+06   1.02697710051015001e+01   5.47587666238679066e+07   1.20734556472767214e+06   1.02697710051015001e+01
7.86038430750074069e-01   1.00325611562972478e-19   2.31115515630608597e+10   4.76911698316673338e+07   1.15582488841733988e+06   8.45539261310577572e+00   5.46085521774294451e+07   1.16303452077988908e+06   8.45539261310577572e+00
8.03988415397857370e-01   9.51165726850787884e-20   2.36887306575079689e+10   4.74810080883436501e+07   1.11091605455360399e+06   6.92393616870442230e+00   5.43804839094713479e+07   1.11797985911861155e+06   6.92393616870442230e+00
8.22118800390509552e-01   9.00654422749577169e-20   2.42624910787017250e+10   4.72036043559735119e+07   1.06553984949701047e+06   5.63983426207475969e+00   5.40772529190294072e+07   1.07244796120230528e+06   5.63983426207475969e+00
8.40431398781638084e-01   8.51682400467161034e-20   2.48324109561987190e+10   4.68587612372516543e+07   1.01981334298663726e+06   4.56797016035729087e+00   5.36986011223039776e+07   1.02655624400556961e+06   4.56797016035729087e+00
8.58928041846342527e-01   8.04288318994059745e-20   2.53980714220715599e+10   4.64487247957609892e+07   9.73961680678589619e+05   3.67899809331303862e+00   5.32470310512900874e+07   9.80530748139706557e+05   3.67899809331303862e+00
8.77610579264344048e-01   7.58499911547729041e-20   2.59590709037341461e+10   4.59758476583297327e+07   9.28192703393016942e+05   2.94633435401690180e+00   5.27251513264311105e+07   9.34580206062483951e+05   2.94633435401690180e+00
8.96480879304952127e-01   7.14300850265826793e-20   2.65150334994430237e+10   4.54413917381896749e+07   8.82646974876813823e+05   2.34575243188688232e+00   5.21343227664694488e+07   8.88845813402727596e+05   2.34575243188688232e+00
9.15540829013896884e-01   6.71731389057561107e-20   2.70655850808649330e+10   4.48488157217869163e+07   8.37542908255581046e+05   1.85684520772082262e+00   5.14783816627686471e+07   8.43547065679056221e+05   1.85684520772082262e+00
9.34792334402032132e-01   6.30770640595535901e-20   2.76103518462387428e+10   4.41997690458581895e+07   7.93003831843794673e+05   1.46104963197865390e+00   5.07591044380259141e+07   7.98807962592041120e+05   1.46104963197865390e+00
9.54237320635940023e-01   5.91427013694496518e-20   2.81489885802686768e+10   4.34972525691780373e+07   7.49191000093590468e+05   1.14270806733844488e+00   4.99797873461291045e+07   7.54790685457868152e+05   1.14270806733844488e+00
9.73877732230448379e-01   5.53696303052457892e-20   2.86811683824862480e+10   4.27441188611878157e+07   7.06241003730516299e+05   8.88277743675909282e-01   4.91435495712502748e+07   7.11632687802207656e+05   8.88277743675909282e-01
9.93715533243083149e-01   5.17557748727300547e-20   2.92065691152319374e+10   4.19427731317203939e+07   6.64258675687293406e+05   6.86155239260298977e-01   4.82529964170410708e+07   6.69439547912484384e+05   6.86155239260298977e-01
1.01375270747047752e+00   4.83004346623651108e-20   2.97248653325917969e+10   4.10964194275575876e+07   6.23362208115419024e+05   5.26651786782959430e-01   4.73116288653567657e+07   6.28330331436511828e+05   5.26651786782959430e-01
1.03399125864675145e+00   4.50039315739797459e-20   3.02357723406618805e+10   4.02091201386305764e+07   5.83678968946852256e+05   4.01676419068594193e-01   4.63239127140507475e+07   5.88433399282456376e+05   4.01676419068594193e-01
1.05443321064388851e+00   4.18617669255464595e-20   3.07390142669277954e+10   3.92828861347832605e+07   5.45255818110861466e+05   3.04323020695472457e-01   4.52919908295743465e+07   5.49796181408560602e+05   3.04323020695472457e-01
1.07508060767412372e+00   3.88748539272060562e-20   3.12343230613366737e+10   3.83226415690931305e+07   5.08214206613223068e+05   2.29076410014414616e-01   4.42212949970777854e+07   5.12541199063375359e+05   2.29076410014414616e-01
1.09593551449436566e+00   3.60369512110875223e-20   3.17214229183964233e+10   3.73297749416139200e+07   4.72559002255474974e+05   1.71237981783516624e-01   4.31132589547445774e+07   4.76673712526387593e+05   1.71237981783516624e-01
1.11700001661267567e+00   3.33481924361073921e-20   3.22000915798571892e+10   3.63093447182901725e+07   4.38385365596994234e+05   1.27138537801081586e-01   4.19734648127517328e+07   4.42289886605921667e+05   1.27138537801081586e-01
1.13827622049681976e+00   3.08044957779718974e-20   3.26701043126246758e+10   3.52642769695286453e+07   4.05716633035354549e+05   9.37378708797644844e-02   4.08050852568698898e+07   4.09413642420513963e+05   9.37378708797644844e-02
1.15976625378491605e+00   2.84027114219110718e-20   3.31312461512863312e+10   3.41981737363680303e+07   3.74583112879755674e+05   6.86234765506250899e-02   3.96120593571009263e+07   3.78075949406817381e+05   6.86234765506250899e-02
1.18147226549820195e+00   2.61395681058084863e-20   3.35832938984313660e+10   3.31147205271045752e+07   3.45006063130081049e+05   4.98791925894436911e-02   3.83984240861607194e+07   3.48298696794704301e+05   4.98791925894436911e-02
1.20339642625593779e+00   2.40102972141710577e-20   3.40260842212698555e+10   3.20167399890013076e+07   3.16977755571661866e+05   3.59864860187031552e-02   3.71672462233617380e+07   3.20074606147993589e+05   3.59864860187031552e-02
1.22554092849246876e+00   2.20114158161314037e-20   3.44594431086311569e+10   3.09079985625188053e+07   2.90503314059903438e+05   2.57697146502588216e-02   3.59226662968950868e+07   2.93409361963124538e+05   2.57697146502588216e-02
1.24790798667647218e+00   2.01386227587448843e-20   3.48832043354607315e+10   2.97917655374303386e+07   2.65569267906873371e+05   1.83131742616126324e-02   3.46682696663877368e+07   2.68289934458400647e+05   1.83131742616126324e-02
1.27049983753240703e+00   1.83873517926965988e-20   3.52972039362494965e+10   2.86711235648197494e+07   2.42152338191513642e+05   1.29127961656613447e-02   3.34074383904642165e+07   2.44693419914822793e+05   1.29127961656613447e-02
1.29331874026418392e+00   1.67543587341126606e-20   3.57013271452250824e+10   2.75503826330158003e+07   2.20243981301688094e+05   9.03522037705865519e-03   3.21449587592496574e+07   2.22611780409870786e+05   9.03522037705865519e-03
1.31636697678109282e+00   1.52334459022390651e-20   3.60954506813549118e+10   2.64312638675662018e+07   1.99786036402166355e+05   6.27052830098668093e-03   3.08826893205605559e+07   2.01986959223082173e+05   6.27052830098668093e-03
1.33964685192599209e+00   1.38210785922439649e-20   3.64794539962474213e+10   2.53178290336788148e+07   1.80755658958816202e+05   4.31693524574205782e-03   2.96251582904084809e+07   1.82796504475483933e+05   4.31693524574205782e-03
1.36316069370579607e+00   1.25117069472342934e-20   3.68532299762127304e+10   2.42121918977964967e+07   1.63095676173419139e+05   2.94711767518148057e-03   2.83746931063340455e+07   1.64983338449491421e+05   2.94711767518148057e-03
1.38691085352427779e+00   1.13009893041776164e-20   3.72167085632165298e+10   2.31175797084722333e+07   1.46763212842885812e+05   1.99508261576710009e-03   2.71349018564399220e+07   1.48504793937384820e+05   1.99508261576710009e-03
1.41089970641721107e+00   1.01839547148233064e-20   3.75698136082585297e+10   2.20364506559626348e+07   1.31702525114873424e+05   1.33899589297002599e-03   2.59085314169252627e+07   1.33305205836509675e+05   1.33899589297002599e-03
1.43512965128987569e+00   9.15570323439174873e-21   3.79124662976342087e+10   2.09711537903555594e+07   1.17855878872724628e+05   8.90773714503226418e-04   2.46982181950614117e+07   1.19326879509594262e+05   8.90773714503226418e-04
1.45960311115695118e+00   8.21174013388903596e-21   3.82446128475084229e+10   1.99243746952247508e+07   1.05168826242840776e+05   5.87367771962236311e-04   2.35069992714530341e+07   1.06515417521152311e+05   5.87367771962236311e-04
1.48432253338481779e+00   7.34684935034338885e-21   3.85662233331374817e+10   1.88976498206245452e+07   9.35742189921604731e+04   3.83743348245235466e-04   2.23366132629887573e+07   9.48035696358929563e+04   3.83743348245235466e-04
1.50929038993629927e+00   6.55696891177944083e-21   3.88772643836771088e+10   1.78938228268520571e+07   8.30195217166899238e+04   2.48441825906826560e-04   2.11903116368959248e+07   8.41388191698321025e+04   2.48441825906826560e-04
1.53450917761785588e+00   5.83702492608372387e-21   3.91776943980394974e+10   1.69140324056887068e+07   7.34360288377900870e+04   1.59323609378797428e-04   2.00694076439120807e+07   7.44522796046798321e+04   1.59323609378797428e-04
1.55998141832927306e+00   5.18257459756470968e-21   3.94675085884773636e+10   1.59599829661546815e+07   6.47628354253527505e+04   1.01190153507907624e-04   1.89758782399677336e+07   6.56829112586655101e+04   1.01190153507907624e-04
1.58570965931584773e+00   4.58952974609435626e-21   3.97467121704488449e+10   1.50336542227799129e+07   5.69429038706489227e+04   6.36535362368773121e-05   1.79120348383475691e+07   5.77735515006380010e+04   6.36535362368773121e-05
1.61169647342311917e+00   4.05322208299472255e-21   4.00153097264741669e+10   1.41356212930955123e+07   4.99103214409798602e+04   3.96383930288448234e-05   1.68785853930436932e+07   5.06580217832216076e+04   3.96383930288448234e-05
1.63794445935415434e+00   3.56981544690926043e-21   4.02732920595669937e+10   1.32674952253938150e+07   4.36101586471665505e+04   2.44367791665617433e-05   1.58774470302933939e+07   4.42812148518403119e+04   2.44367791665617433e-05
1.66445624192941866e+00   3.13503998110563031e-21   4.05206985092011719e+10   1.24295941343440097e+07   3.79812587707247440e+04   1.49067153820459761e-05   1.49090565593804028e+07   3.85816795375170477e+04   1.49067153820459761e-05
1.69123447234926427e+00   2.74546232435671319e-21   4.07575642712288284e+10   1.16234583850563951e+07   3.29736386369379252e+04   8.99975451640190397e-06   1.39752807191071529e+07   3.35092365043705358e+04   8.99975451640190397e-06
1.71828182845904731e+00   2.39728377488546193e-21   4.09839268748713226e+10   1.08493545169032346e+07   2.85323456128208672e+04   5.37568382753472505e-06   1.30765229383114669e+07   2.90086326438354918e+04   5.37568382753472505e-06
1.74560101501691856e+00   2.08698111746739873e-21   4.11998046257002716e+10   1.01075489724654406e+07   2.46062872448097733e+04   3.17586614247624359e-06   1.22131960133362021e+07   2.50284810527623777e+04   3.17586614247624359e-06
1.77319476396429998e+00   1.81129447608871435e-21   4.14052758588249283e+10   9.39836001337489486e+06   2.11481500364006461e+04   1.85539750500692154e-06   1.13857842415118646e+07   2.15211824546032840e+04   1.85539750500692154e-06
1.80106583469908132e+00   1.56708112195595546e-21   4.16004006443716125e+10   8.72176485581455566e+06   1.81124901886028274e+04   1.07156311975130613e-06   1.05943828372961376e+07   1.84409909916663892e+04   1.07156311975130613e-06
1.82921701435156159e+00   1.35159018556738298e-21   4.17852413150890427e+10   8.07823974073298089e+06   1.54593064997975544e+04   6.11912180895442625e-07   9.83968238491448388e+06   1.57476422128763024e+04   6.11912180895442625e-07
1.85765111806316563e+00   1.16188675368434811e-21   4.19598482889112625e+10   7.46698524628187809e+06   1.31467526590284851e+04   3.45250060062354387e-07   9.12088326939017139e+06   1.33989575162694964e+04   3.45250060062354387e-07
1.88637098926796032e+00   9.95569063727024903e-22   4.21243243031081161e+10   6.88821400026055984e+06   1.11402553331139425e+04   1.92509836552495063e-07   8.43838313568063267e+06   1.13601033658368924e+04   1.92509836552495063e-07
1.91537949997699863e+00   8.50152606132776323e-22   4.22787525500905762e+10   6.34110990552626364e+06   9.40475323361354822e+03   1.06019913607350120e-07   7.79137201782678720e+06   9.59571230119828215e+03   1.06019913607350120e-07
1.94467955106552592e+00   7.23476282861563645e-22   4.24232142731969223e+10   5.82526587407066114e+06   7.90975362399782171e+03   5.76616960554460020e-08   7.17952626084027626e+06   8.07502246198119883e+03   5.76616960554460020e-08
1.97427407256306786e+00   6.13541322721734000e-22   4.25577906128427887e+10   5.34017945688709337e+06   6.62729209565444853e+03   3.09689251346042458e-08   6.60241383284293301e+06   6.76980843988306879e+03   3.09689251346042458e-08
2.00416602394643517e+00   5.18436385539772319e-22   4.26826004588090210e+10   4.88490660314336885e+06   5.53103875927329045e+03   1.64167469906410232e-08   6.05907880086575542e+06   5.65347376234378044e+03   1.64167469906410232e-08
2.03435839443567756e+00   4.36484722105462493e-22   4.27977466337053146e+10   4.45876561934945174e+06   4.59799714538779244e+03   8.58899371986295205e-09   5.54887807572031580e+06   4.70278315931546786e+03   8.58899371986295205e-09
2.06485420329300418e+00   3.66121526176974179e-22   4.29033249048034744e+10   4.06080959815690061e+06   3.80701204840994023e+03   4.43356988430645603e-09   5.07085097630714066e+06   3.89634681728181886e+03   4.43356988430645603e-09
2.09565650012471405e+00   3.05919724230296645e-22   4.29994424204485550e+10   3.68996665943284146e+06   3.13903953425493546e+03   2.25692771865501731e-09   4.62388356934641860e+06   3.21489794947474820e+03   2.25692771865501731e-09
2.12676836518615842e+00   2.54637312520048343e-22   4.30862298761773987e+10   3.34542167256234959e+06   2.57761692303658447e+03   1.13310237073480290e-09   4.20716872023381572e+06   2.64177596415813559e+03   1.13310237073480290e-09
2.15819290968977029e+00   2.11109683989597333e-22   4.31638053980509262e+10   3.02599263377671456e+06   2.10759911284632153e+03   5.60775978356208780e-10   3.81945222697982378e+06   2.16164036334364482e+03   5.60775978356208780e-10
2.18993327611618716e+00   1.74321719357538003e-22   4.32322753301065750e+10   2.73066599682084564e+06   1.71591175621849584e+03   2.73548743773446811e-10   3.45967842482497310e+06   1.76124237212431831e+03   2.73548743773446811e-10
2.22199263852850271e+00   1.43354594909084227e-22   4.32917683744613419e+10   2.45829548093674006e+06   1.39091417737276129e+03   1.31481098061999431e-10   3.12662435592377884e+06   1.42877741698515092e+03   1.31481098061999431e-10
2.25437420288967383e+00   1.17388624266176463e-22   4.33424231215356750e+10   2.20766675264179474e+06   1.12238445147735433e+03   6.22373534656966233e-11   2.81897579350674292e+06   1.15387241233336431e+03   6.22373534656966233e-11
2.28708120738312104e+00   9.57142561448081033e-23   4.33843691181172791e+10   1.97769852553453227e+06   9.01580001690066524e+02   2.90095341591161308e-11   2.53557333298383234e+06   9.27650757617893305e+02   2.90095341591161308e-11
2.32011692273654990e+00   7.77048382910944895e-23   4.34177197590744324e+10   1.76729164483066159e+06   7.20901953465057659e+02   1.33132597920647175e-11   2.27522776342755649e+06   7.42391587135758641e+02   1.33132597920647175e-11
2.35348465254902672e+00   6.28017306518278255e-23   4.34426211740898285e+10   1.57522893571007159e+06   5.73704639882373499e+02   6.01222592077587315e-12   2.03659435470241774e+06   5.91336791203875805e+02   6.01222592077587315e-12
2.38718773362133785e+00   5.05251591004887030e-23   4.34592164302021027e+10   1.40038673767613410e+06   4.54363089942711952e+02   2.67088844794324899e-12   1.81843347975158016e+06   4.68762476772102275e+02   2.67088844794324899e-12
2.42122953628967652e+00   4.04608052416595169e-23   4.34676430261117096e+10   1.24168735286322422e+06   3.58097753776138632e+02   1.16700994899468219e-12   1.61955245714704553e+06   3.69801451109261052e+02   1.16700994899468219e-12
2.45561346476267861e+00   3.22466925766008588e-23   4.34680183808370895e+10   1.09800136136221420e+06   2.80812689103924754e+02   5.01247263812086413e-13   1.43868267711805855e+06   2.90278941141719201e+02   5.01247263812086413e-13
2.49034295746184409e+00   2.55778560058129829e-23   4.34605022496534119e+10   9.68334377269085729e+05   2.19107928323902428e+02   2.11648352526527072e-13   1.27471398080012831e+06   2.26727166485870782e+02   2.11648352526527072e-13
2.52542148736538552e+00   2.01871611615246698e-23   4.34452392581877365e+10   8.51589856458568596e+05   1.70069903206701497e+02   8.77840010572987777e-14   1.12639547503200849e+06   1.76171334483413887e+02   8.77840010572987777e-14
2.56085256235552405e+00   1.58534726439340358e-23   4.34223711981414795e+10   7.46834363614385598e+05   1.31321480461746148e+02   3.57672242191761640e-14   9.92670896792473970e+05   1.36182666207080871e+02   3.57672242191761640e-14
2.59663972556928480e+00   1.23861694441361726e-23   4.33920188263555832e+10   6.53083966904067667e+05   1.00857386534355598e+02   1.43072785231125536e-14   8.72407883258643909e+05   1.04710137280366382e+02   1.43072785231125536e-14
2.63278655575281295e+00   9.62644757143911673e-24   4.33543501949255295e+10   5.69432556622641860e+05   7.70367541735090100e+01   5.61650855504494110e-15   7.64561206217188737e+05   8.00739436864025009e+01   5.61650855504494110e-15
2.66929666761924755e+00   7.44151936026009821e-24   4.33095096842636566e+10   4.95016809494494926e+05   5.85137604860129841e+01   2.16290973478532405e-15   6.68128607526995009e+05   6.08949622507453441e+01   2.16290973478532405e-15
2.70617371221020209e+00   5.72139792202627123e-24   4.32576378827522430e+10   4.29035337476966903e+05   4.41946154885027980e+01   8.16963780654802451e-16   5.82176157161304145e+05   4.60512286794184647e+01   8.16963780654802451e-16
2.74342137726086621e+00   4.37458181975173330e-24   4.31988654072823105e+10   3.70712009782959882e+05   3.31880712490346710e+01   3.02538039811603587e-16   5.05791143010280677e+05   3.46275233724114244e+01   3.02538039811603587e-16
2.78104338756878455e+00   3.32593766757328478e-24   4.31333568847125549e+10   3.19320141360593960e+05   2.47768911826530527e+01   1.09797494264413817e-16   4.38113829178173735e+05   2.58865101141304379e+01   1.09797494264413817e-16
2.81904350536633919e+00   2.51393286759167908e-24   4.30612573303143311e+10   2.74170685883004859e+05   1.83857839352199370e+01   3.90256483712322607e-17   3.78322455731443479e+05   1.92360845709127837e+01   3.90256483712322607e-17
2.85742553069697847e+00   1.88899649609394458e-24   4.29827042566344833e+10   2.34644529342181369e+05   1.35602251759939278e+01   1.35823150022247104e-17   3.25676686225096521e+05   1.42079164753547094e+01   1.35823150022247104e-17
2.89619330179521883e+00   1.41098144192778320e-24   4.28978354277435837e+10   2.00162898592413054e+05   9.93982327400448362e+00   4.62785556063912842e-18   2.79479499068444304e+05   1.04302051209932181e+01   4.62785556063912842e-18
2.93535069547047689e+00   1.04739246496036138e-24   4.28068103165039902e+10   1.70169453105850203e+05   7.23936896805498531e+00   1.54225232594155768e-18   2.39053575975600921e+05   7.60831321397707416e+00   1.54225232594155768e-18
2.97490162749475262e+00   7.72683761973660860e-25   4.27097726529997406e+10   1.44181820122403529e+05   5.23894710003584851e+00   5.02728037596684568e-19   2.03811260641489789e+05   5.51478292652877133e+00   5.02728037596684568e-19
3.01485005299420550e+00   5.66378519416595387e-25   4.26068553719930573e+10   1.21737291305560240e+05   3.76631090921082601e+00   1.60171583118534363e-19   1.73182382016380143e+05   3.97119813685309930e+00   1.60171583118534363e-19
3.05519996684467898e+00   4.12451476074103657e-25   4.24982010293982468e+10   1.02422640031807983e+05   2.68947303901001522e+00   4.98577466884060317e-20   1.46655238883182144e+05   2.84065570990434502e+00   4.98577466884060317e-20
3.09595540407118008e+00   2.98355101816194269e-25   4.23839625668290939e+10   8.58607195569027681e+04   1.90735452150845908e+00   1.51544375535205166e-20   1.23759305762251664e+05   2.01815622304977227e+00   1.51544375535205166e-20
3.13712044025139658e+00   2.14371683877728049e-25   4.22642808675270920e+10   7.17150940389177704e+04   1.34335526725452281e+00   4.49716391142403803e-21   1.04072480692648009e+05   1.42400919730393505e+00   4.49716391142403803e-21
3.17869919192325057e+00   1.52969703758660734e-25   4.21392831481232376e+10   5.96773373665495383e+04   9.39456826966287073e-01   1.30222023224060551e-21   8.72043347097055084e+04   9.97757123964489234e-01   1.30222023224060551e-21
3.22069581699655672e+00   1.08375568230824640e-25   4.20091146648449326e+10   4.94688267448911720e+04   6.52186265592810899e-01   3.67587902145169974e-22   7.27992352176654967e+04   6.94024079253684034e-01   3.67587902145169974e-22
3.26311451516882212e+00   7.62376683441829512e-26   4.18739208293083191e+10   4.08500672496204643e+04   4.49474675477502528e-01   1.01173658900087894e-22   6.05503801733497821e+04   4.79283226457329903e-01   1.01173658900087894e-22
3.30595952834521079e+00   5.32397079313529614e-26   4.17338384181206360e+10   3.36008549129792882e+04   3.07463230490587380e-01   2.71333524918678567e-23   5.01726311661555083e+04   3.28544818248076742e-01   2.71333524918678567e-23
3.34923514106274567e+00   3.68964025231638498e-26   4.15889880854744568e+10   2.75250985312619014e+04   2.08683019559222888e-01   7.08184522316061580e-24   4.14098721812673830e+04   2.23478001974799362e-01   7.08184522316061580e-24
3.39294568091876148e+00   2.53779768549980267e-26   4.14395160117543793e+10   2.24571045692351254e+04   1.40551570986646834e-01   1.79953571538845542e-24   3.40448788656649340e+04   1.50855721307257773e-01   1.79953571538845542e-24
3.43709551900366961e+00   1.73172538920926307e-26   4.12855593069981918e+10   1.82445775479143340e+04   9.38986870972366300e-02   4.44543188924443534e-25   2.78754831502961424e+04   1.01017799373911324e-01   4.44543188924443534e-25
3.48168907033806985e+00   1.17244834411908512e-26   4.11272497180370560e+10   1.47602898908929401e+04   6.22312307465276715e-02   1.06801010832090535e-25   2.27321239534276683e+04   6.71109458298234374e-02   1.06801010832090535e-25
3.52673079431425762e+00   7.87314500946433633e-27   4.09647007386950531e+10   1.18893421762954822e+04   4.09003130075236282e-02   2.49227764754052559e-26   1.84598373627521469e+04   4.42174901239288098e-02   2.49227764754052559e-26
3.57222519514216419e+00   5.24352463196300121e-27   4.07980578908751755e+10   9.53487647790813571e+03   2.66562137148634790e-02   5.64828040029269607e-27   1.49271890967592917e+04   2.88924994305931084e-02   5.64828040029269607e-27
3.61817682229978566e+00   3.46251834601405447e-27   4.06274496440150909e+10   7.61204959987867824e+03   1.72224835886823080e-02   1.24188753253060731e-27   1.20178631022949430e+04   1.87171552146523194e-02   1.24188753253060731e-27
3.66459027098813106e+00   2.26673889856856791e-27   4.04530002675245132e+10   6.04911348711846040e+03   1.10297957164365960e-02   2.64795565151991086e-28   9.63274386714815773e+03   1.20201036906933366e-02   2.64795565151991086e-28
3.71147018259074635e+00   1.47104414411710449e-27   4.02748205487522964e+10   4.78491327273226307e+03   7.00149174292194216e-03   5.47414811910884873e-29   7.68660444877364625e+03   7.65188032831621949e-03   5.47414811910884873e-29
3.75882124513785953e+00   9.46101128135036631e-28   4.00930492896454086e+10   3.76689648058981720e+03   4.40389596969254383e-03   1.09609158384882511e-29   6.10544681101075003e+03   4.82717685600838210e-03   1.09609158384882511e-29
3.80664819377518437e+00   6.02943225337312890e-28   3.99078076079091797e+10   2.95114724003476658e+03   2.74440335265523474e-03   2.12466517461561194e-30   4.82691037409138880e+03   3.01734901563399443e-03   2.12466517461561194e-30
3.85495581123743936e+00   3.80667238554461607e-28   3.97192110624145203e+10   2.30062966539531499e+03   1.69405199037196588e-03   3.98387067408710399e-31   3.79788467160348046e+03   1.86840091573169933e-03   3.98387067408710399e-31
3.90374892832662823e+00   2.38057889131924468e-28   3.95273698275755463e+10   1.78451663703325676e+03   1.03564955467692855e-03   7.22227980348553475e-32   2.97375049183264446e+03   1.14595445895661298e-03   7.22227980348553475e-32
3.95303242439512115e+00   1.47443055991468075e-28   3.93324125959042206e+10   1.37715104599457095e+03   6.26966980729007839e-04   1.26525260134904729e-32   2.31700275478895674e+03   6.96076664387268083e-04   1.26525260134904729e-32
4.00281122783359322e+00   9.04130283263330057e-29   3.91344538446903458e+10   1.05720216247915960e+03   3.75734804793367925e-04   2.13952131788947914e-33   1.79612975129083884e+03   4.18600865954760464e-04   2.13952131788947914e-33
4.05309031656387386e+00   5.48830378386295524e-29   3.89336003799331894e+10   8.07268992655050511e+02   2.22874438172007623e-04   3.49034107829840457e-34   1.38517978713949879e+03   2.49192467000732541e-04   3.49034107829840457e-34
4.10387471853673169e+00   3.29743600212888239e-29   3.87299607683380814e+10   6.13095345416708028e+02   1.30831820551048205e-04   5.49021068921898842e-35   1.06266780551042052e+03   1.46823280376686576e-04   5.49021068921898842e-35
4.15516951223468745e+00   1.96020189414702806e-29   3.85236536670068893e+10   4.63034304105384592e+02   7.59792422532309426e-05   8.31696332730888507e-36   8.10847223350288232e+02   8.55925889133098719e-05   8.31696332730888507e-36
4.20697982717985486e+00   1.15287170419695955e-29   3.83147866565311508e+10   3.47744391905989573e+02   4.36493261560075583e-05   1.21309338045314477e-36   6.15341296606235915e+02   4.93664843402200925e-05   1.21309338045314477e-36
4.25931084444690544e+00   6.70663330043956656e-30   3.81034579109328079e+10   2.59664098120006201e+02   2.47998417566718060e-05   1.70208037407959969e-37   4.64378488100838467e+02   2.81625785186876727e-05   1.70208037407959969e-37
4.31216779718117316e+00   3.85798883021924387e-30   3.78897735410440445e+10   1.92758062320766925e+02   1.39315309864201257e-05   2.29525921151977892e-38   3.48458904466405670e+02   1.58872309531965888e-05   2.29525921151977892e-38
4.36555597112198157e+00   2.19419121707521495e-30   3.76738423671759186e+10   1.42240950380068739e+02   7.73665524327978211e-06   2.97293140013512263e-39   2.59966065894445080e+02   8.86108335782727531e-06   2.97293140013512263e-39
4.41948070513121305e+00   1.23347435671205124e-30   3.74557649621702728e+10   1.04325380220308617e+02   4.24617086249979737e-06   3.69516197664381403e-40   1.92801071488222220e+02   4.88512027396929812e-06   3.69516197664381403e-40
4.47394739172720701e+00   6.85185913583295347e-31   3.72356310849091492e+10   7.60410090741256255e+01   2.30256641032998763e-06   4.40306645596999955e-41   1.42124680674568936e+02   2.66131245847576308e-06   4.40306645596999955e-41
4.52896147762401124e+00   3.76038062323632068e-31   3.70135436896306839e+10   5.50756958986850549e+01   1.23344972462656496e-06   5.02666028650079274e-42   1.04125683597006642e+02   1.43243229943750819e-06   5.02666028650079274e-42
4.58452846427606087e+00   2.03853847308683710e-31   3.67896020454280777e+10   3.96356502342398755e+01   6.52597657718791714e-07   5.49442264738963203e-43   7.58112281443403191e+01   7.61608050961333078e-07   5.49442264738963203e-43
4.64065390842832848e+00   1.09119875992446316e-31   3.65638997302697601e+10   2.83361543150463113e+01   3.40892539650312698e-07   5.74240639290918162e-44   5.48418904064173987e+01   3.99855732864071079e-07   5.74240639290918162e-44
4.69734342267199878e+00   5.76638481648431519e-32   3.63365183869762573e+10   2.01225685020822773e+01   1.75774479815490512e-07   5.73462423701053660e-45   3.94141677906719039e+01   2.07257035747139131e-07   5.73462423701053660e-45
4.75460267600573872e+00   3.00737763133377015e-32   3.61075572132728348e+10   1.41921289377095174e+01   8.94397584721898268e-08   5.46632436528619373e-46   2.81376218211333935e+01   1.06028168314196127e-07   5.46632436528619373e-46
4.81243739440259688e+00   1.54764838998009048e-32   3.58771063533649063e+10   9.94011308065361376e+00   4.49012981682401674e-08   4.97015357013625812e-47   1.99514535933337491e+01   5.35251144370049053e-08   4.97015357013625812e-47
4.87085336138260860e+00   7.85635011534434759e-33   3.56452523589389267e+10   6.91266964669522466e+00   2.22333579348286527e-08   4.30574737019370584e-48   1.40489790521578009e+01   2.66553542159537562e-08   4.30574737019370584e-48
4.92985641859115464e+00   3.93321294172352224e-33   3.54120693439216385e+10   4.77274342856803102e+00   1.08563660591588132e-08   3.55165554675351199e-49   9.82322371619682499e+00   1.30923765732650279e-08   3.55165554675351199e-49
4.98945246638312145e+00   1.94117571218197636e-33   3.51776520790063934e+10   3.27086293799608363e+00   5.22527219378933147e-09   2.78517315123864244e-50   6.81878716368840010e+00   6.33977124703798028e-09   2.78517315123864244e-50
5.04964746441295453e+00   9.44245617143673695e-34   3.49420820663224869e+10   2.22476870792283643e+00   2.47851772415430743e-09   2.07493942435636256e-51   4.69849816898182393e+00   3.02597027638094922e-09   2.07493942435636256e-51
5.11044743223061904e+00   4.52541175262084006e-34   3.47054375078601532e+10   1.50161814474376865e+00   1.15820159279593007e-09   1.46676829943425649e-52   3.21316770842314225e+00   1.42312743318652673e-09   1.46676829943425649e-52
5.17185844988356092e+00   2.13669292318976476e-34   3.44677898941451416e+10   1.00569573140101420e+00   5.33145755160969529e-10   9.83508789031721504e-54   2.18076157481739541e+00   6.59435610273703659e-10   9.83508789031721504e-54
5.23388665852472545e+00   9.93311727894484990e-35   3.42292246808255997e+10   6.68154376850884191e-01   2.41614948514670478e-10   6.24254660254882159e-55   1.46843733976201452e+00   3.00884214522220539e-10   6.24254660254882159e-55
5.29653826102666514e+00   4.54568861213405330e-35   3.39898167308423386e+10   4.40297412679020339e-01   1.07778151926445078e-10   3.74802745124878594e-56   9.80910600897509144e-01   1.35157120747264231e-10   3.74802745124878594e-56
5.35981952260184080e+00   2.04745751308988357e-35   3.37496363650797844e+10   2.87766719760559897e-01   4.73150573341447921e-11   2.12745580777731747e-57   6.49971284123734505e-01   5.97619049886524424e-11   2.12745580777731747e-57
5.42373677142914357e+00   9.07074027744795222e-36   3.35087520533252182e+10   1.86471036111291455e-01   2.04285904863644331e-11   1.13896217209107279e-58   4.27073404716019567e-01   2.59936546472411397e-11   1.13896217209107279e-58
5.48829639928672020e+00   3.95289959051861020e-36   3.32672404888851318e+10   1.19805932614892072e-01   8.67531319702206896e-12   5.75274715208356174e-60   2.78272481151020712e-01   1.11225606846188296e-11   5.75274715208356174e-60
5.55350486219115869e+00   1.69327459300270592e-36   3.30251701146989365e+10   7.62927528888360379e-02   3.62101236876597744e-12   2.73443819958413195e-61   1.79738439881675816e-01   4.67875068649270326e-12   2.73443819958413195e-61
5.61936868104308740e+00   7.12881724451856616e-37   3.27826038921273575e+10   4.81501164440348989e-02   1.48530423450142723e-12   1.22259246494372541e-62   1.15075576190439413e-01   1.93457538370195436e-12   1.22259246494372541e-62
5.68589444227927920e+00   2.94895116907716534e-37   3.25396069344334717e+10   3.01134851557329150e-02   5.98582777019259499e-13   5.13689510078436283e-64   7.30189733748973363e-02   7.86060156565632083e-13   5.13689510078436283e-64
5.75308879853129618e+00   1.19787429305175745e-37   3.22962477371216507e+10   1.86568162293199863e-02   2.36858117055281648e-13   2.02385715499717127e-65   4.59052714467730605e-02   3.13670998206260394e-13   2.02385715499717127e-65
5.82095846929075922e+00   4.77727294583428738e-38   3.20525885930083656e+10   1.14496886966437630e-02   9.20114029810094900e-14   7.47280209788115669e-67   2.85909005119414222e-02   1.22906754522346376e-13   7.47280209788115669e-67
5.88951024158130387e+00   1.86958642556549061e-38   3.18086856251399078e+10   6.95845002484209336e-03   3.50715582990539816e-14   2.58108788191876386e-68   1.76365842233794853e-02   4.72642013090681925e-14   2.58108788191876386e-68
5.95875097063728276e+00   7.17774110086268437e-39   3.15646003138370590e+10   4.18729895266006531e-03   1.31132427917563345e-14   8.33139770569633764e-70   1.07735907669230056e-02   1.78330753055463800e-14   8.33139770569633764e-70
6.02868758058930343e+00   2.70256517847057775e-39   3.13203935414955750e+10   2.49455116076693342e-03   4.80814426967489710e-15   2.51055983833100112e-71   6.51625952463999632e-03   6.59976966857302361e-15   2.51055983833100112e-71
6.09932706515664336e+00   9.97420436700724432e-40   3.10761217357907181e+10   1.47085216711931744e-03   1.72792214974205657e-15   7.04918009222346372e-73   3.90129708121940075e-03   2.39446382592599211e-15   7.04918009222346372e-73
6.17067648834662474e+00   3.60665827071148143e-40   3.08318347038965874e+10   8.58158720481640960e-04   6.08360984536419489e-16   1.84142946914685510e-74   2.31150672119511454e-03   8.51288636758531613e-16   1.84142946914685510e-74
6.24274298516102277e+00   1.27739446515880944e-40   3.05875900791091499e+10   4.95361558388184584e-04   2.09777639386692112e-16   4.47053757564889707e-76   1.35515465582816967e-03   2.96486422068084272e-16   4.47053757564889707e-76
6.31553376230957753e+00   4.42937425157232399e-41   3.03434417111010056e+10   2.82835177044046522e-04   7.08144725113826286e-17   1.00707372844202626e-77   7.85939969609994005e-04   1.01110726008627727e-16   1.00707372844202626e-77
6.38905609893066018e+00   1.50302342177361166e-41   3.00994404581019936e+10   1.59699595538745587e-04   2.33915510356761532e-17   2.10177057055541256e-79   4.50814926178358844e-04   3.37492239724884048e-17   2.10177057055541256e-79
6.46331734731920271e+00   4.98874728238492050e-42   2.98556303425629196e+10   8.91517416948595288e-05   7.55730201537578923e-18   4.05707939888677118e-81   2.55688274498834642e-04   1.10205076486654839e-17   4.05707939888677118e-81
6.53832493366192846e+00   1.61890425634915870e-42   2.96120649728189049e+10   4.91938387141862383e-05   2.38697231356989128e-18   7.23179804955457127e-83   1.43358986065330549e-04   3.51894965030172019e-18   7.23179804955457127e-83
6.61408635877998030e+00   5.13455312961290201e-43   2.93687917369083786e+10   2.68268594459434261e-05   7.36800756641834056e-19   1.18891227908141591e-84   7.94441660322419443e-05   1.09836605779021379e-18   1.18891227908141591e-84
6.69060919887900152e+00   1.59085173349045947e-43   2.91258558542699776e+10   1.44544760827028007e-05   2.22161602781113529e-19   1.79968643931178162e-86   4.35026778414195073e-05   3.34963916761632034e-19   1.79968643931178162e-86
6.76790110630677422e+00   4.81201454671493671e-44   2.88832972361494598e+10   7.69249876696178009e-06   6.53925330657549947e-20   2.50272757140913159e-88   2.35312855421121435e-05   9.97448321881957429e-20   2.50272757140913159e-88
6.84596981031844898e+00   1.42069849940530558e-44   2.86411641697461624e+10   4.04314820854195524e-06   1.87861418722496911e-20   3.19506345435316197e-90   1.25719510150629870e-05   2.89956584810595592e-20   3.19506345435316197e-90
6.92482311784948568e+00   4.09077325464911733e-45   2.83994985300968208e+10   2.09787645700395554e-06   5.26315891045922339e-21   3.73385657961656499e-92   6.63144938409990175e-06   8.22197078977277530e-21   3.73385657961656499e-92
7.00446891429634988e+00   1.14854089229455792e-45   2.81583399456323814e+10   1.07449273722186891e-06   1.43769362114941253e-21   3.99146939097300328e-94   3.45314905271704862e-06   2.27367898862289142e-21   3.99146939097300328e-94
