0.00000000000000000e+00   3.70816179999999994e-07   1.67591178252617379e+00   1.00000000000000000e+00   9.79699856637454580e+00   5.42687361717383854e-01   2.45190654380945858e+02
1.00501670841679491e-02   3.74751255001447411e-07   1.67611272742799744e+00   1.00468641900316413e+00   9.67905247490893039e+00   5.41736866569750619e-01   2.43516089711077370e+02
2.02013400267557763e-02   3.74928555001450315e-07   1.67629909808262290e+00   1.00933307862696964e+00   9.56398679451600664e+00   5.40800579610117071e-01   2.41873068309542703e+02
3.04545339535169379e-02   3.78819305002865532e-07   1.67648823331024954e+00   1.01393916644084126e+00   9.45221400964595482e+00   5.39876425848251462e-01   2.40276028646241343e+02
4.08107741923882106e-02   3.79173905002877216e-07   1.67667266337330512e+00   1.01850389285032783e+00   9.34343633691201347e+00   5.38965396317073520e-01   2.38717344156607936e+02
5.12710963760241167e-02   3.83030180004267379e-07   1.67686467622697655e+00   1.02302649141354540e+00   9.23789119390327862e+00   5.38066399959888142e-01   2.37205751492036597e+02
6.18365465453596386e-02   3.83552230004292610e-07   1.67704072752290756e+00   1.02750621976563150e+00   9.13489092493572485e+00   5.37182116186662562e-01   2.35721241681798375e+02
7.25081812542163195e-02   3.87378955005661290e-07   1.67721814815150738e+00   1.03194236012703655e+00   9.03480938694504054e+00   5.36310694364157237e-01   2.34276978528994277e+02
8.32870676749586369e-02   3.88073380005706129e-07   1.67739840244750460e+00   1.03633422117420371e+00   8.93759892179464899e+00   5.35452110323170083e-01   2.32872898805402713e+02
9.41742837052104154e-02   3.91875480007057479e-07   1.67757209721553213e+00   1.04068113697664510e+00   8.84294488467301676e+00   5.34607526470337047e-01   2.31500377475354412e+02
1.05170918075647490e-01   3.92737355007126507e-07   1.67774812235234339e+00   1.04498246906402481e+00   8.75099585730443508e+00   5.33776120453396508e-01   2.30165404701446022e+02
1.16278070458871285e-01   3.96524680008467407e-07   1.67792155992304171e+00   1.04923760669714516e+00   8.66155757844768637e+00   5.32958375495723891e-01   2.28863277627517732e+02
1.27496851579375736e-01   3.97544155008564068e-07   1.67808507729231371e+00   1.05344596746979668e+00   8.57440247114146104e+00   5.32154987950199554e-01   2.27588044675556006e+02
1.38828383324621774e-01   4.01326555009901502e-07   1.67825347547038617e+00   1.05760699786632983e+00   8.48979723903292971e+00   5.31364769021372862e-01   2.26349240316476966e+02
1.50273798857227137e-01   4.02503630010030561e-07   1.67841917621210723e+00   1.06172017367347316e+00   8.40751043653469310e+00   5.30588382714879514e-01   2.25140795325151942e+02
1.61834242728283062e-01   4.06286030011367995e-07   1.67858426890170698e+00   1.06578500099964324e+00   8.32752030311467450e+00   5.29825582060205913e-01   2.23963331867404662e+02
1.73510870991810284e-01   4.07615780011532550e-07   1.67874037846237889e+00   1.06980101575950859e+00   8.24958266115095284e+00   5.29077139406923802e-01   2.22810154411677701e+02
1.85304851320365449e-01   4.11408030012876916e-07   1.67890424618429868e+00   1.07376778477876300e+00   8.17399433790318142e+00   5.28341781326569393e-01   2.21691711161291124e+02
1.97217363121810152e-01   4.12890455013081679e-07   1.67906352891875321e+00   1.07768490588619792e+00   8.10043090073810745e+00   5.27620438686381532e-01   2.20598868746429815e+02
2.09249597657251485e-01   4.16687630014429563e-07   1.67920940174701938e+00   1.08155200814523034e+00   8.02867347824307487e+00   5.26913489962357873e-01   2.19525934565004832e+02
2.21402758160169855e-01   4.18327655014680277e-07   1.67936852767045730e+00   1.08536875211755035e+00   7.95919320396682028e+00   5.26219268280879948e-01   2.18488608753208041e+02
2.33678059956743178e-01   4.22134680016035093e-07   1.67951031330718159e+00   1.08913483005859746e+00   7.89134105273552855e+00   5.25539700149464495e-01   2.17467427915657964e+02
2.46076730587380776e-01   4.23927380016334538e-07   1.67965764114184291e+00   1.09284996611608221e+00   7.82550274251395273e+00   5.24873235350416190e-01   2.16475602333144394e+02
2.58600009929478070e-01   4.27759030017706789e-07   1.67980522874149574e+00   1.09651391607115434e+00   7.76152266609415697e+00   5.24220099859967759e-01   2.15509249724637954e+02
2.71249150321404731e-01   4.29694555018056292e-07   1.67994269024508025e+00   1.10012646744474041e+00   7.69916092533284147e+00   5.23580926593477991e-01   2.14561569064994444e+02
2.84025416687741394e-01   4.33560680019453598e-07   1.68008992304486737e+00   1.10368743972346706e+00   7.63873600410900977e+00   5.22954478868594252e-01   2.13643572569932843e+02
2.96930086665771809e-01   4.35634105019854881e-07   1.68022237203142177e+00   1.10719668391358561e+00   7.57975663883037942e+00   5.22341944551840465e-01   2.12740682864875509e+02
3.09964450733247521e-01   4.39534705021277243e-07   1.68035636533682498e+00   1.11065408248999709e+00   7.52247301147889047e+00   5.21742331859384678e-01   2.11861676677112712e+02
3.23129812337437095e-01   4.41755880021737767e-07   1.68049444897808176e+00   1.11405954879512903e+00   7.46688148248164829e+00   5.21155498931808792e-01   2.11007200572613186e+02
3.36427488025472288e-01   4.45690955023185184e-07   1.68062119266611321e+00   1.11741302827834810e+00   7.41266713957733625e+00   5.20582090109115936e-01   2.10168111576353226e+02
3.49858807576003183e-01   4.48059880023709132e-07   1.68075600265731606e+00   1.12071449635076559e+00   7.36012772062427878e+00   5.20020921040787010e-01   2.09354785989637975e+02
3.63425114132177818e-01   4.52034355025185863e-07   1.68087972497597926e+00   1.12396395867963217e+00   7.30889336270025858e+00   5.19472848287842237e-01   2.08556177486605492e+02
3.77127764335957183e-01   4.54546105025775169e-07   1.68100789680135243e+00   1.12716145092436482e+00   7.25918383535446932e+00   5.18937057733786733e-01   2.07779994652316987e+02
3.90968128463780484e-01   4.58564905027285052e-07   1.68112631218811992e+00   1.13030703838179236e+00   7.21073526965377187e+00   5.18413990353901233e-01   2.07018617036009317e+02
4.04947590563593973e-01   4.61219480027943421e-07   1.68124708904770936e+00   1.13340081549966443e+00   7.16369972364434648e+00   5.17902863945036041e-01   2.06277769626157578e+02
4.19067548593257566e-01   4.65292455029494234e-07   1.68136586065052063e+00   1.13644290312242169e+00   7.11796866050910371e+00   5.17403862423017058e-01   2.05554535426970716e+02
4.33329414560340576e-01   4.68084930030222701e-07   1.68148021082027510e+00   1.13943345337978852e+00   7.07347522750659952e+00   5.16916884565314927e-01   2.04847502620863708e+02
4.47734614663324759e-01   4.72217005031818969e-07   1.68159471598608867e+00   1.14237264376182113e+00   7.03025255633221580e+00   5.16441576778470579e-01   2.04158432707440454e+02
4.62284589434224902e-01   4.75147380032621239e-07   1.68170999795456444e+00   1.14526067830563183e+00   6.98827230945561428e+00   5.15977664186534568e-01   2.03487204036636115e+02
4.76980793882642917e-01   4.79338555034263649e-07   1.68181723947862038e+00   1.14809778680056884e+00   6.94737471268788020e+00   5.15525404745593385e-01   2.02829210045820901e+02
4.91824697641270570e-01   4.82406830035144064e-07   1.68192134561278728e+00   1.15088422464005369e+00   6.90759533212386234e+00   5.15084440416412104e-01   2.02186235270310846e+02
5.06817785112853691e-01   4.86666955036841508e-07   1.68202691236533353e+00   1.15362027147804458e+00   6.86897952190089889e+00   5.14654367247787126e-01   2.01560406518202313e+02
5.21961555618634110e-01   4.89873130037801708e-07   1.68213095941233104e+00   1.15630623017222223e+00   6.83144951191274519e+00   5.14235085977257422e-01   2.00949874532331933e+02
5.37257523548281712e-01   4.94202205039553603e-07   1.68223239023167559e+00   1.15894242658656732e+00   6.79495467754601723e+00   5.13826552527160141e-01   2.00353496620373562e+02
5.52707218511336418e-01   4.97546280040599305e-07   1.68233615268311820e+00   1.16152920989314201e+00   6.75954330887297594e+00   5.13428410914455235e-01   1.99773397361547097e+02
5.68312185490169153e-01   5.01949230042412400e-07   1.68243489692107007e+00   1.16406694930096943e+00   6.72507719016383287e+00   5.13040602136429991e-01   1.99205834836363408e+02
5.84073984994482043e-01   5.05426280043542575e-07   1.68252375635947060e+00   1.16655603423556964e+00   6.69146345967875611e+00   5.12663104125527402e-01   1.98648327838445653e+02
5.99994193217360472e-01   5.09912955045425388e-07   1.68261957881665647e+00   1.16899687359529048e+00   6.65891991650770887e+00   5.12295312288911786e-01   1.98108284581814303e+02
6.16074402192893666e-01   5.13522980046643635e-07   1.68270700632684544e+00   1.17138989551332284e+00   6.62719441178625424e+00   5.11937449688254831e-01   1.97578189078677696e+02
6.32316219955379344e-01   5.18093380048596591e-07   1.68279985418835687e+00   1.17373554580058648e+00   6.59645838769838733e+00   5.11588841076802359e-01   1.97064152352339192e+02
6.48721270700128416e-01   5.21841305049910188e-07   1.68289113629857612e+00   1.17603428420058420e+00   6.56658591508119382e+00   5.11249606032000758e-01   1.96562498171678556e+02
6.65291194945886843e-01   5.26495430051936357e-07   1.68297596575561759e+00   1.17828659183973183e+00   6.53749396858757326e+00   5.10919655776481019e-01   1.96071043333930163e+02
6.82027649698886851e-01   5.30824505053688252e-07   1.68305488754228882e+00   1.18049296163300976e+00   6.50916831678317287e+00   5.10598765481810712e-01   1.95589804171986373e+02
6.98932308618551046e-01   5.35138805055428479e-07   1.68314162815812107e+00   1.18265390078332278e+00   6.48176572241048365e+00   5.10286318438040176e-01   1.95124385324938913e+02
7.16006862184858761e-01   5.39576230057270281e-07   1.68322303399760109e+00   1.18476992957471960e+00   6.45508494239400576e+00   5.09982583748887941e-01   1.94668605636308200e+02
7.33253017867395718e-01   5.44003805059103881e-07   1.68329856761933438e+00   1.18684158115518179e+00   6.42910190025322237e+00   5.09687346585199874e-01   1.94222144312372478e+02
7.50672500296101441e-01   5.48559430061044110e-07   1.68337628263187433e+00   1.18886940023078091e+00   6.40390520422545695e+00   5.09400208631963336e-01   1.93788289934184320e+02
7.68267051433735526e-01   5.53105205062976136e-07   1.68345084698664849e+00   1.19085394085538954e+00   6.37939923136905218e+00   5.09121037041954994e-01   1.93364455838960879e+02
7.86038430750074069e-01   5.57779030065019557e-07   1.68352643318482698e+00   1.19279576846965041e+00   6.35562306331910865e+00   5.08849683632219829e-01   1.92952138902397394e+02
8.03988415397857370e-01   5.62443005067054352e-07   1.68359879161175230e+00   1.19469545798412891e+00   6.33249277738882377e+00   5.08586038803499396e-01   1.92549055168800692e+02
8.22118800390509552e-01   5.67230105069196757e-07   1.68366363004436637e+00   1.19655359092806801e+00   6.30994504423670666e+00   5.08329897502417971e-01   1.92153636327344145e+02
8.40431398781638084e-01   5.72022130071343686e-07   1.68373247482652166e+00   1.19837075608559895e+00   6.28810811767839617e+00   5.08080902393216016e-01   1.91770313604252095e+02
8.58928041846342527e-01   5.76932355073598995e-07   1.68380365797556064e+00   1.20014754841618676e+00   6.26693940899502788e+00   5.07838988483482079e-01   1.91397987511682118e+02
8.77610579264344048e-01   5.81842580075854305e-07   1.68386357217893790e+00   1.20188456976311442e+00   6.24624922465456578e+00   5.07604182361900191e-01   1.91030945212560908e+02
8.96480879304952127e-01   5.86880855078228101e-07   1.68393421508455132e+00   1.20358242580797592e+00   6.22629126535269872e+00   5.07375866634023343e-01   1.90677744471034970e+02
9.15540829013896884e-01   5.91909280080592425e-07   1.68399004231749272e+00   1.20524172520253892e+00   6.20674421304009272e+00   5.07154327586046616e-01   1.90328327903761249e+02
9.34792334402032132e-01   5.97080530083093787e-07   1.68405634807071913e+00   1.20686308442879708e+00   6.18789701282023952e+00   5.06939069737501802e-01   1.89992202639856487e+02
9.54237320635940023e-01   6.02232080085576309e-07   1.68411159177911429e+00   1.20844711926908976e+00   6.16947345223984556e+00   5.06730217949622364e-01   1.89660844838957502e+02
9.73877732230448379e-01   6.07531380088203041e-07   1.68416930996538783e+00   1.20999444773902343e+00   6.15161510168376235e+00   5.06527286747617156e-01   1.89339230660101634e+02
9.93715533243083149e-01   6.12815905090814928e-07   1.68423163989565938e+00   1.21150568896922839e+00   6.13433429449484713e+00   5.06330258244447773e-01   1.89027846258679688e+02
1.01375270747047752e+00   6.18238330093565046e-07   1.68428404536180421e+00   1.21298146346319413e+00   6.11745156608854135e+00   5.06139129918809605e-01   1.88721243023141426e+02
1.03399125864675145e+00   6.23655830096310215e-07   1.68433385025734972e+00   1.21442239148630082e+00   6.10103773078652800e+00   5.05953629006549055e-01   1.88421977013224875e+02
1.05443321064388851e+00   6.29211230099197215e-07   1.68438629321952993e+00   1.21582909247967730e+00   6.08513545762559094e+00   5.05773454225442620e-01   1.88131772496766729e+02
1.07508060767412372e+00   6.34766630102084216e-07   1.68444191745093308e+00   1.21720218700064775e+00   6.06973377381341006e+00   5.05598603713491745e-01   1.87850362035843858e+02
1.09593551449436566e+00   6.40450080105104950e-07   1.68449274201601717e+00   1.21854229265821790e+00   6.05473757958360004e+00   5.05428989602228040e-01   1.87574964390194793e+02
1.11700001661267567e+00   6.46143380108135898e-07   1.68454134241728393e+00   1.21985002438723877e+00   6.04016214243785576e+00   5.05264378817230519e-01   1.87306368474989199e+02
1.13827622049681976e+00   6.51959805111300609e-07   1.68458516033601158e+00   1.22112599410596578e+00   6.02596397927520933e+00   5.05104639448535675e-01   1.87043426522273478e+02
1.15976625378491605e+00   6.57795930114486807e-07   1.68463337539542679e+00   1.22237081089267119e+00   6.01222949404094020e+00   5.04949648945391738e-01   1.86789008704590913e+02
1.18147226549820195e+00   6.63745330117797294e-07   1.68467726496903980e+00   1.22358508178226266e+00   5.99885234884964813e+00   5.04799339685825132e-01   1.86539938636305294e+02
1.20339642625593779e+00   6.69724280121141069e-07   1.68472163635416372e+00   1.22476940796838907e+00   5.98588235186489293e+00   5.04653432413529557e-01   1.86298120635950823e+02
1.22554092849246876e+00   6.75816505124612735e-07   1.68476784042927186e+00   1.22592438699528516e+00   5.97332101774288216e+00   5.04511850875275170e-01   1.86063733010356628e+02
1.24790798667647218e+00   6.81933355128112211e-07   1.68480553030418534e+00   1.22705061372117874e+00   5.96103267000297077e+00   5.04374614037765068e-01   1.85832570463394404e+02
1.27049983753240703e+00   6.88173330131754661e-07   1.68484968656962986e+00   1.22814867567969577e+00   5.94918005113842163e+00   5.04241463721212368e-01   1.85610029568415797e+02
1.29331874026418392e+00   6.94428080135414392e-07   1.68488562769377248e+00   1.22921915492741096e+00   5.93759053533137404e+00   5.04112264374437791e-01   1.85390914159809654e+02
1.31636697678109282e+00   7.00815805139230486e-07   1.68492401983325513e+00   1.23026262684848819e+00   5.92637802963714311e+00   5.03986948142466806e-01   1.85178888606135388e+02
1.33964685192599209e+00   7.07223230143070502e-07   1.68496504749064124e+00   1.23127966375213171e+00   5.91552734701820526e+00   5.03865411575640687e-01   1.84973629200278225e+02
1.36316069370579607e+00   7.13753780147059845e-07   1.68500153432510813e+00   1.23227082964428880e+00   5.90494414707506809e+00   5.03747587042586265e-01   1.84772293184275867e+02
1.38691085352427779e+00   7.20308955151079116e-07   1.68503469707487463e+00   1.23323668141524379e+00   5.89464154601604040e+00   5.03633217802543554e-01   1.84575601119146171e+02
1.41089970641721107e+00   7.26992180155257321e-07   1.68507149514626930e+00   1.23417777352537694e+00   5.88469130043999566e+00   5.03522318279209347e-01   1.84385812553069968e+02
1.43512965128987569e+00   7.33700030159466408e-07   1.68510614792205482e+00   1.23509464955755455e+00   5.87497596789867593e+00   5.03414831321761902e-01   1.84199338722308028e+02
1.45960311115695118e+00   7.40535930163836758e-07   1.68513700574614878e+00   1.23598784638683723e+00   5.86558372822232332e+00   5.03310552843866721e-01   1.84019192645403251e+02
1.48432253338481779e+00   7.47396455168239048e-07   1.68516767523598454e+00   1.23685789225222109e+00   5.85643050697530398e+00   5.03209375460264230e-01   1.83842879469270173e+02
1.50929038993629927e+00   7.54389955172814007e-07   1.68520320504424603e+00   1.23770531053482657e+00   5.84760907551857390e+00   5.03111270262639465e-01   1.83673365773099647e+02
1.53450917761785588e+00   7.61403155177414477e-07   1.68523086647209919e+00   1.23853061606298165e+00   5.83896645345229448e+00   5.03016208016023647e-01   1.83505901045954772e+02
1.55998141832927306e+00   7.68559180182204818e-07   1.68526326689624084e+00   1.23933431646093495e+00   5.83063198134213234e+00   5.02923944246990495e-01   1.83344836290976843e+02
1.58570965931584773e+00   7.75729980187014875e-07   1.68529124450066115e+00   1.24011690909128203e+00   5.82249933022231403e+00   5.02834466629639709e-01   1.83186861792458217e+02
1.61169647342311917e+00   7.83043605192018085e-07   1.68531799851679609e+00   1.24087889137457430e+00   5.81459850780202370e+00   5.02747744140257247e-01   1.83032972209043578e+02
1.63794445935415434e+00   7.90376930197048605e-07   1.68534279932350883e+00   1.24162074374402209e+00   5.80691604918472848e+00   5.02663687578361218e-01   1.82882857985506121e+02
1.66445624192941866e+00   7.97858005202283368e-07   1.68537219684854800e+00   1.24234294060719930e+00   5.79951237663094510e+00   5.02582068362887213e-01   1.82738688178190131e+02
1.69123447234926427e+00   8.05353855207538586e-07   1.68539633090140839e+00   1.24304594825476200e+00   5.79227281567856256e+00   5.02502958704999947e-01   1.82596786702110336e+02
1.71828182845904731e+00   8.13002380213011149e-07   1.68542282628063744e+00   1.24373022708100023e+00   5.78527617563014207e+00   5.02426271249521439e-01   1.82459746517331155e+02
1.74560101501691856e+00   8.20665680218504803e-07   1.68544753974323114e+00   1.24439622893168456e+00   5.77847488343875959e+00   5.02351946064042099e-01   1.82326146937556729e+02
1.77319476396429998e+00   8.28481655224219825e-07   1.68547192046649474e+00   1.24504439725164850e+00   5.77187466725076792e+00   5.02279754915274212e-01   1.82196429728894060e+02
1.80106583469908132e+00   8.36317330229963744e-07   1.68549427693368381e+00   1.24567516667229539e+00   5.76545011507473415e+00   5.02209809414816188e-01   1.82069683047996904e+02
1.82921701435156159e+00   8.44300755235925777e-07   1.68551361543466749e+00   1.24628896368006803e+00   5.75918521562631991e+00   5.02142028965371523e-01   1.81945499592502017e+02
1.85765111806316563e+00   8.52313730241932427e-07   1.68553446505936133e+00   1.24688621032575608e+00   5.75312849493622913e+00   5.02076296705017744e-01   1.81825549860695361e+02
1.88637098926796032e+00   8.60474455248162167e-07   1.68555982548026084e+00   1.24746731079890227e+00   5.74730040687513632e+00   5.02012450647895569e-01   1.81710667621256960e+02
1.91537949997699863e+00   8.68659805254429247e-07   1.68557726473548031e+00   1.24803266812079672e+00   5.74156744357501303e+00   5.01950616886999490e-01   1.81596504668210457e+02
1.94467955106552592e+00   8.76997830260933364e-07   1.68559583840218297e+00   1.24858268000722306e+00   5.73601502298834109e+00   5.01890686418855148e-01   1.81485888415548430e+02
1.97427407256306786e+00   8.85370330267490966e-07   1.68561782029767615e+00   1.24911773325469544e+00   5.73066928956827759e+00   5.01832524638910704e-01   1.81379801406731275e+02
2.00416602394643517e+00   8.93880730274267054e-07   1.68563455793541483e+00   1.24963820574508944e+00   5.72542913037093015e+00   5.01776094355980029e-01   1.81275092028216989e+02
2.03435839443567756e+00   9.02440380281121634e-07   1.68565286506208389e+00   1.25014446787399125e+00   5.72036667421881084e+00   5.01721411097485026e-01   1.81174033846168328e+02
2.06485420329300418e+00   9.11137930288198831e-07   1.68567453899884434e+00   1.25063688386999705e+00   5.71548690920327740e+00   5.01668407857571830e-01   1.81076865462263925e+02
2.09565650012471405e+00   9.19879805295348619e-07   1.68568912719258202e+00   1.25111580253536325e+00   5.71068486929483132e+00   5.01616959901697634e-01   1.80980403159064650e+02
2.12676836518615842e+00   9.28764505302733172e-07   1.68570532285997454e+00   1.25158157859014252e+00   5.70604383507466473e+00   5.01567057059713162e-01   1.80887302418552082e+02
2.15819290968977029e+00   9.37698455310200452e-07   1.68572306129653127e+00   1.25203455157978527e+00   5.70156120984049775e+00   5.01518698476521863e-01   1.80797488433373445e+02
2.18993327611618716e+00   9.46770305317899348e-07   1.68573703324824020e+00   1.25247505340573428e+00   5.69717423200671380e+00   5.01471846051823600e-01   1.80709017980680187e+02
2.22199263852850271e+00   9.55901255325699444e-07   1.68575309818851160e+00   1.25290340857288163e+00   5.69293950089970924e+00   5.01426300666578117e-01   1.80623906455616009e+02
2.25437420288967383e+00   9.65170105333734968e-07   1.68577061453650323e+00   1.25331993345938897e+00   5.68884978732845425e+00   5.01382161269129600e-01   1.80541823069305792e+02
2.28708120738312104e+00   9.74488205341857455e-07   1.68578114855105943e+00   1.25372493990691924e+00   5.68481497473689501e+00   5.01339406683743216e-01   1.80459935297919344e+02
2.32011692273654990e+00   9.83963905350257926e-07   1.68579902436471785e+00   1.25411873060045531e+00   5.68097766566604889e+00   5.01297944912618809e-01   1.80382873341361034e+02
2.35348465254902672e+00   9.93474080358719186e-07   1.68580903347385669e+00   1.25450160285087908e+00   5.67717139299311579e+00   5.01257646750523533e-01   1.80305495764293738e+02
2.38718773362133785e+00   1.00316155536749601e-06   1.68582606591961648e+00   1.25487384814197167e+00   5.67355482787472098e+00   5.01218600266609582e-01   1.80232750100200462e+02
2.42122953628967652e+00   1.01286873037630936e-06   1.68583819332147256e+00   1.25523574883798261e+00   5.67000132556901004e+00   5.01180775557981018e-01   1.80160650066226168e+02
2.45561346476267861e+00   1.02275813038545963e-06   1.68584895427263559e+00   1.25558758071275389e+00   5.66654134510256391e+00   5.01144077511979757e-01   1.80090268854771523e+02
2.49034295746184409e+00   1.03267708039466457e-06   1.68586130600491302e+00   1.25592961084926658e+00   5.66319751523058645e+00   5.01108417243736004e-01   1.80022424685090755e+02
2.52542148736538552e+00   1.04277825540420623e-06   1.68587472008370498e+00   1.25626210445937803e+00   5.65996862714508353e+00   5.01073875675211333e-01   1.79956995310434934e+02
2.56085256235552405e+00   1.05290405541379519e-06   1.68588381912134277e+00   1.25658531731646739e+00   5.65679782327723046e+00   5.01040415429838459e-01   1.79892216176836826e+02
2.59663972556928480e+00   1.06321700542374602e-06   1.68589524970242199e+00   1.25689950243327608e+00   5.65374392711482443e+00   5.01007906329988151e-01   1.79830100595158143e+02
2.63278655575281295e+00   1.07355950543375386e-06   1.68590476021454183e+00   1.25720490559732379e+00   5.65076210995807138e+00   5.00976353836733002e-01   1.79769219560291162e+02
2.66929666761924755e+00   1.08409408044413309e-06   1.68591892182497083e+00   1.25750175964099897e+00   5.64791813742201221e+00   5.00945783988086202e-01   1.79711639792274411e+02
2.70617371221020209e+00   1.09465328045456003e-06   1.68592759911638024e+00   1.25779030355994914e+00   5.64510757673613561e+00   5.00916175424830690e-01   1.79654063949379179e+02
2.74342137726086621e+00   1.10540455546537445e-06   1.68593787752919844e+00   1.25807075623894438e+00   5.64240058093566432e+00   5.00887366420496360e-01   1.79598900350645579e+02
2.78104338756878455e+00   1.11619030547625855e-06   1.68594725238766729e+00   1.25834334366010236e+00   5.63976418417842762e+00   5.00859439378709692e-01   1.79545013233125616e+02
2.81904350536633919e+00   1.12716320548752042e-06   1.68595597542349762e+00   1.25860828404029745e+00   5.63719909247092765e+00   5.00832388617744373e-01   1.79492433000890685e+02
2.85742553069697847e+00   1.13818043049887246e-06   1.68596288929861826e+00   1.25886578654938153e+00   5.63469545801412064e+00   5.00806184851546821e-01   1.79440879295691218e+02
2.89619330179521883e+00   1.14937988051060779e-06   1.68597247962745511e+00   1.25911605548421979e+00   5.63230076299817473e+00   5.00780642467783532e-01   1.79392065480995171e+02
2.93535069547047689e+00   1.16062858052244661e-06   1.68598019781035724e+00   1.25935928952958154e+00   5.62995341028337482e+00   5.00755920028507440e-01   1.79343861052518093e+02
2.97490162749475262e+00   1.17206443053467907e-06   1.68599074642340474e+00   1.25959568295282942e+00   5.62770604966141441e+00   5.00731967737097494e-01   1.79297998162331169e+02
3.01485005299420550e+00   1.18354953054701713e-06   1.68599714777793874e+00   1.25982542418526555e+00   5.62548629142081680e+00   5.00708737758615463e-01   1.79252223420112387e+02
3.05519996684467898e+00   1.19522178055976451e-06   1.68600568895270997e+00   1.26004870151693327e+00   5.62336386232434915e+00   5.00686115503010787e-01   1.79208882814038475e+02
3.09595540407118008e+00   1.20694328057261960e-06   1.68601142913468904e+00   1.26026569496586482e+00   5.62126781955894739e+00   5.00664222521397306e-01   1.79165586344664547e+02
3.13712044025139658e+00   1.21886178058590618e-06   1.68601953589911324e+00   1.26047657898992482e+00   5.61926166290326812e+00   5.00643013755913802e-01   1.79124407340571992e+02
3.17869919192325057e+00   1.23082953059930451e-06   1.68602558040796002e+00   1.26068152364234276e+00   5.61729565716795154e+00   5.00622405631114931e-01   1.79083851397754415e+02
3.22069581699655672e+00   1.24299428061315064e-06   1.68603228795254734e+00   1.26088069226767430e+00   5.61540424149238504e+00   5.00602367876212040e-01   1.79045049904310275e+02
3.26311451516882212e+00   1.25521320562711970e-06   1.68604100985998917e+00   1.26107424890172415e+00   5.61358158830439358e+00   5.00582969650917975e-01   1.79007744012637687e+02
3.30595952834521079e+00   1.26762420564152896e-06   1.68604550221760285e+00   1.26126234984560615e+00   5.61177400581949559e+00   5.00564186582372783e-01   1.78970248642811953e+02
3.34923514106274567e+00   1.28010415565610089e-06   1.68605267378555634e+00   1.26144515328047002e+00   5.61005006011757157e+00   5.00545890686123429e-01   1.78934888492645257e+02
3.39294568091876148e+00   1.29277125567111389e-06   1.68605852793109445e+00   1.26162279688217005e+00   5.60837062027672228e+00   5.00528136715751804e-01   1.78900357749024721e+02
3.43709551900366961e+00   1.30550730568628935e-06   1.68606455717225856e+00   1.26179544007801803e+00   5.60673675043221209e+00   5.00510949174179820e-01   1.78866664816275659e+02
3.48168907033806985e+00   1.31843543070192661e-06   1.68607039284104476e+00   1.26196321761506169e+00   5.60514989988192891e+00   5.00494305112217819e-01   1.78833881262976973e+02
3.52673079431425762e+00   1.33143743071774428e-06   1.68607490895039791e+00   1.26212626025819152e+00   5.60360411992833729e+00   5.00478053214946983e-01   1.78801980162835804e+02
3.57222519514216419e+00   1.34463643073404301e-06   1.68608123293558032e+00   1.26228471128339992e+00   5.60212029604459882e+00   5.00462317417908031e-01   1.78771495752389171e+02
3.61817682229978566e+00   1.35789945575049807e-06   1.68608407952749584e+00   1.26243870013502235e+00   5.60065181139604995e+00   5.00447083342620447e-01   1.78740956482715490e+02
3.66459027098813106e+00   1.37137425576748724e-06   1.68609065610349740e+00   1.26258835286291338e+00   5.59925751718440701e+00   5.00432313966638231e-01   1.78712280738581768e+02
3.71147018259074635e+00   1.38491308078463826e-06   1.68609479338651247e+00   1.26273379191561719e+00   5.59788796338869776e+00   5.00417884227656318e-01   1.78684024872602777e+02
3.75882124513785953e+00   1.39866368080232635e-06   1.68609822411065569e+00   1.26287513496947357e+00   5.59654960870766782e+00   5.00403930453355739e-01   1.78656249391342527e+02
3.80664819377518437e+00   1.41248815582020736e-06   1.68610577286346031e+00   1.26301250162503353e+00   5.59526744838974643e+00   5.00390419524497143e-01   1.78629788184743177e+02
3.85495581123743936e+00   1.42651455583861554e-06   1.68611106004361089e+00   1.26314600439706215e+00   5.59401590025717965e+00   5.00377289602844444e-01   1.78603891298515833e+02
3.90374892832662823e+00   1.44062960585725531e-06   1.68611663913387311e+00   1.26327575434383865e+00   5.59282101375657970e+00   5.00364486373497175e-01   1.78579449024460871e+02
3.95303242439512115e+00   1.45494165587642060e-06   1.68612092324096974e+00   1.26340185939928040e+00   5.59163887192613807e+00   5.00352104870963377e-01   1.78554957774781315e+02
4.00281122783359322e+00   1.46934235589582487e-06   1.68611946376926025e+00   1.26352442309872903e+00   5.59049456956398405e+00   5.00340118655367427e-01   1.78531247491390104e+02
4.05309031656387386e+00   1.48394990591578679e-06   1.68612217247372076e+00   1.26364354451091776e+00   5.58937979352741188e+00   5.00328433707241116e-01   1.78508153708802126e+02
4.10387471853673169e+00   1.49865103093600716e-06   1.68612609527200341e+00   1.26375932009079417e+00   5.58830996972772809e+00   5.00317070291375510e-01   1.78486147730372636e+02
4.15516951223468745e+00   1.51355900595680275e-06   1.68613041590511159e+00   1.26387184782727835e+00   5.58727305942287611e+00   5.00306077651782810e-01   1.78464792721960720e+02
4.20697982717985486e+00   1.52855563097784475e-06   1.68613245943645707e+00   1.26398122447918015e+00   5.58625102038447618e+00   5.00295438260709879e-01   1.78443531433440285e+02
4.25931084444690544e+00   1.54377388099951482e-06   1.68613718601665341e+00   1.26408754084991704e+00   5.58528347535799163e+00   5.00285025857836074e-01   1.78423764917278106e+02
4.31216779718117316e+00   1.55908078102143870e-06   1.68614120476302887e+00   1.26419088136493274e+00   5.58434017130040328e+00   5.00274934001226246e-01   1.78404426969976981e+02
4.36555597112198157e+00   1.57460438104398350e-06   1.68614232797660635e+00   1.26429133316912323e+00   5.58339659012415446e+00   5.00265170023942995e-01   1.78384726646181662e+02
4.41948070513121305e+00   1.59023140606683263e-06   1.68614652946059729e+00   1.26438897884662094e+00   5.58251363786716848e+00   5.00255718045690023e-01   1.78366627031799084e+02
4.47394739172720701e+00   1.60606528109029193e-06   1.68614914347430767e+00   1.26448390174108094e+00   5.58163965590813049e+00   5.00246431680767656e-01   1.78348634474872654e+02
4.52896147762401124e+00   1.62201735611409995e-06   1.68615149786465057e+00   1.26457618082477796e+00   5.58079200874010795e+00   5.00237461894977642e-01   1.78331142485250240e+02
4.58452846427606087e+00   1.63817628113853275e-06   1.68615478737332447e+00   1.26466589193083934e+00   5.57997972430869105e+00   5.00228780365427506e-01   1.78314470066332376e+02
4.64065390842832848e+00   1.65445340616332422e-06   1.68615578796229171e+00   1.26475310877778013e+00   5.57917359521818135e+00   5.00220347624652062e-01   1.78297726266104007e+02
4.69734342267199878e+00   1.67093738118874703e-06   1.68615897326970066e+00   1.26483790003894514e+00   5.57840434178635025e+00   5.00212085939571005e-01   1.78281976090677460e+02
4.75460267600573872e+00   1.68755433121458477e-06   1.68616191656495462e+00   1.26492033816827321e+00   5.57766180307210835e+00   5.00204103385510357e-01   1.78266779451660341e+02
4.81243739440259688e+00   1.70437320624105239e-06   1.68616390575893815e+00   1.26500049121266356e+00   5.57693409084237057e+00   5.00196378409741182e-01   1.78251779599842337e+02
4.87085336138260860e+00   1.72132998126795544e-06   1.68616436779598344e+00   1.26507842370672230e+00   5.57621140046693764e+00   5.00188842056487393e-01   1.78236736979729727e+02
4.92985641859115464e+00   1.73848868129550553e-06   1.68616819344366964e+00   1.26515420976166526e+00   5.57554099325697106e+00   5.00181484855500846e-01   1.78223172494347324e+02
4.98945246638312145e+00   1.75579020632351326e-06   1.68616795125681884e+00   1.26522790252235007e+00   5.57485767077487893e+00   5.00174374220895834e-01   1.78208930172865962e+02
5.04964746441295453e+00   1.77330350635221371e-06   1.68616958877345002e+00   1.26529955966415830e+00   5.57421275411410200e+00   5.00167492263427826e-01   1.78195669760100742e+02
5.11044743223061904e+00   1.79096455638139993e-06   1.68617297435150304e+00   1.26536924705074094e+00   5.57360025425324235e+00   5.00160743322192292e-01   1.78183302226737936e+02
5.17185844988356092e+00   1.80882260641123915e-06   1.68617366383948108e+00   1.26543702230368038e+00   5.57298423939263365e+00   5.00154185043236943e-01   1.78170617361431169e+02
5.23388665852472545e+00   1.82684810644164323e-06   1.68617593598008320e+00   1.26550294105342820e+00   5.57240273834464261e+00   5.00147841186230457e-01   1.78158805639205269e+02
5.29653826102666514e+00   1.84507060647271174e-06   1.68617665828312924e+00   1.26556705677300396e+00   5.57182472673357587e+00   5.00141701938735861e-01   1.78146885771782422e+02
5.35981952260184080e+00   1.86347040650439143e-06   1.68617978283302650e+00   1.26562942044606319e+00   5.57128391341108475e+00   5.00135646084806873e-01   1.78136065134662744e+02
5.42373677142914357e+00   1.88205735653671824e-06   1.68618084264835177e+00   1.26569008212202694e+00   5.57074440210342292e+00   5.00129791001857837e-01   1.78125070668218797e+02
5.48829639928672020e+00   1.90082653156968098e-06   1.68618167711109268e+00   1.26574909350373188e+00   5.57021817398404373e+00   5.00124123038405588e-01   1.78114300106611381e+02
5.55350486219115869e+00   1.91979763160334475e-06   1.68618273208578406e+00   1.26580649847604243e+00   5.56971044828569894e+00   5.00118621496089877e-01   1.78103942532694020e+02
5.61936868104308740e+00   1.93895095663768320e-06   1.68618375323264424e+00   1.26586235404040304e+00   5.56921586800661927e+00   5.00113194493817859e-01   1.78093924881076248e+02
5.68589444227927920e+00   1.95830620667275403e-06   1.68618354468714360e+00   1.26591670130312184e+00   5.56872868842267366e+00   5.00107954205093463e-01   1.78083943659347966e+02
5.75308879853129618e+00   1.97784860670850396e-06   1.68618689550388101e+00   1.26596957572562352e+00   5.56828638828165889e+00   5.00102879477248963e-01   1.78075220092760219e+02
5.82095846929075922e+00   1.99759293174498626e-06   1.68618626652608961e+00   1.26602102652138337e+00   5.56782177548495483e+00   5.00097926488746292e-01   1.78065652258694172e+02
5.88951024158130387e+00   2.01753918178221999e-06   1.68618694080646314e+00   1.26607109805443008e+00   5.56738255265508819e+00   5.00093063271303206e-01   1.78056799888848929e+02
5.95875097063728276e+00   2.03768735682022041e-06   1.68618813115232036e+00   1.26611983093839409e+00   5.56696144684977323e+00   5.00088362342411386e-01   1.78048352998796815e+02
6.02868758058930343e+00   2.05803253185896889e-06   1.68618913320162678e+00   1.26616726370938482e+00   5.56655136155449970e+00   5.00083808789073547e-01   1.78040100611014708e+02
6.09932706515664336e+00   2.07858948189852170e-06   1.68618977780148027e+00   1.26621343388633467e+00   5.56615692979372945e+00   5.00079335718664586e-01   1.78032262401035183e+02
6.17067648834662474e+00   2.09935328193886403e-06   1.68619050273943638e+00   1.26625837562856258e+00   5.56577045647539848e+00   5.00074967370930268e-01   1.78024566398184760e+02
6.24274298516102277e+00   2.12033378198006570e-06   1.68619269001115235e+00   1.26630212318083468e+00   5.56541123224280732e+00   5.00070739011099885e-01   1.78017592011145410e+02
6.31553376230957753e+00   2.14151128202204891e-06   1.68619338160943322e+00   1.26634472190163416e+00   5.56504559887948602e+00   5.00066641265335510e-01   1.78010272698182263e+02
6.38905609893066018e+00   2.16291040706491092e-06   1.68619278825558738e+00   1.26638620070155095e+00   5.56468755127780135e+00   5.00062588469401881e-01   1.78003147605660359e+02
6.46331734731920271e+00   2.18452623210863269e-06   1.68619327884193315e+00   1.26642659286390535e+00   5.56434332002291576e+00   5.00058653620775173e-01   1.77996338113938435e+02
6.53832493366192846e+00   2.20636368215326673e-06   1.68619400640960593e+00   1.26646592318641593e+00   5.56401173518489944e+00   5.00054838548752323e-01   1.77989804886972507e+02
6.61408635877998030e+00   2.22841783219879695e-06   1.68619530435399367e+00   1.26650422671844320e+00   5.56369952485467145e+00   5.00051136210385883e-01   1.77983770716948385e+02
6.69060919887900152e+00   2.25068868224522337e-06   1.68619477391754202e+00   1.26654153792482393e+00   5.56338530447006097e+00   5.00047454945095504e-01   1.77977649415794474e+02
6.76790110630677422e+00   2.27319593229262761e-06   1.68619611346285803e+00   1.26657788606885813e+00   5.56308931766902948e+00   5.00043896307660773e-01   1.77971980173328177e+02
6.84596981031844898e+00   2.29591988234095811e-06   1.68619538860347862e+00   1.26661329902896957e+00   5.56278152360485123e+00   5.00040441166347160e-01   1.77965822389965325e+02
6.92482311784948568e+00   2.31888515739032738e-06   1.68619569484045351e+00   1.26664780390220932e+00   5.56249892103341637e+00   5.00037065629315380e-01   1.77960385257046539e+02
7.00446891429634988e+00   2.34206713244062970e-06   1.68619592305742594e+00   1.26668142462945021e+00   5.56222873589489364e+00   5.00033727886278867e-01   1.77955304781647527e+02
7.08491516430505541e+00   2.36549535749199193e-06   1.68619666683999325e+00   1.26671418376362199e+00   5.56196852924981044e+00   5.00030494616146570e-01   1.77950431769534561e+02
7.16616991256764457e+00   2.38915505754438580e-06   1.68619762520273309e+00   1.26674612012710530e+00   5.56171038631742576e+00   5.00027351585205837e-01   1.77945528210995064e+02
7.24824128462665307e+00   2.41305608259785953e-06   1.68619734750027517e+00   1.26677725235520477e+00   5.56145633346902013e+00   5.00024260155733646e-01   1.77940700199664150e+02
7.33113748768768225e+00   2.43719350765239112e-06   1.68619702228265500e+00   1.26680760140887827e+00   5.56120655297778743e+00   5.00021220960976343e-01   1.77935952902241610e+02
7.41486681144011683e+00   2.46157225770800596e-06   1.68619636279411944e+00   1.26683718840827209e+00   5.56097478427244951e+00   5.00018269357123901e-01   1.77931688198719684e+02
7.49943762888610976e+00   2.48620710776480983e-06   1.68619728110928024e+00   1.26686603631096406e+00   5.56074522560793927e+00   5.00015396003072987e-01   1.77927410487592681e+02
7.58485839717787869e+00   2.51108328282273465e-06   1.68619735715097407e+00   1.26689417250542724e+00   5.56052481564881074e+00   5.00012551082535950e-01   1.77923394977127941e+02
7.67113765846343654e+00   2.53621555788184850e-06   1.68619771864789181e+00   1.26692161754866084e+00   5.56031183674705076e+00   5.00009769984722685e-01   1.77919548944459365e+02
7.75828404074081490e+00   2.56158423294207866e-06   1.68619555572790492e+00   1.26694839196306019e+00   5.56009560879026488e+00   5.00007060967013417e-01   1.77915521841058052e+02
7.84630625872086007e+00   2.58723363300365993e-06   1.68619695260075053e+00   1.26697451512755488e+00   5.55989859010622300e+00   5.00004419235107522e-01   1.77912037430973129e+02
7.93521311469872437e+00   2.61312435806640280e-06   1.68619777169012686e+00   1.26700000371588728e+00   5.55971022646266722e+00   5.00001788150326809e-01   1.77908818473707640e+02
8.02501349943409537e+00   2.63928595813044939e-06   1.68619683996445446e+00   1.26702487742483738e+00   5.55951246083550110e+00   4.99999228728591816e-01   1.77905222024732751e+02
8.11571639304027848e+00   2.66569873319574689e-06   1.68619564260433563e+00   1.26704914924770518e+00   5.55932993065326109e+00   4.99996727313905376e-01   1.77902051063451751e+02
8.20733086588221994e+00   2.69238730826241881e-06   1.68619624780923894e+00   1.26707285593408869e+00   5.55915559639924339e+00   4.99994276167966101e-01   1.77899088601848376e+02
8.29986607948355193e+00   2.71934183333041567e-06   1.68619585448428588e+00   1.26709599826831387e+00   5.55897476681140024e+00   4.99991840495478346e-01   1.77895901650322571e+02
8.39333128744274681e+00   2.74657215839981364e-06   1.68619551294723546e+00   1.26711859627624079e+00   5.55880991530407265e+00   4.99989466890331469e-01   1.77893159661852707e+02
8.48773583635848716e+00   2.77407335847060723e-06   1.68619547024110750e+00   1.26714066431239036e+00   5.55865650346146101e+00   4.99987141892525688e-01   1.77890731786727684e+02
8.58308916676433853e+00   2.80184050854277066e-06   1.68619388075220034e+00   1.26716222368070941e+00   5.55849393148395610e+00   4.99984850543970738e-01   1.77887974753885203e+02
8.67940081407279784e+00   2.82991300861652348e-06   1.68619552688949925e+00   1.26718328873842800e+00   5.55834967327060969e+00   4.99982585097721255e-01   1.77885776077722198e+02
8.77668040952885953e+00   2.85824160869163900e-06   1.68619478138003265e+00   1.26720387504905663e+00   5.55820131908958803e+00   4.99980368648961393e-01   1.77883393936325774e+02
8.87493768117313486e+00   2.88688048376840572e-06   1.68619401350211073e+00   1.26722399634157079e+00   5.55805582354243644e+00   4.99978192186983694e-01   1.77881060519652834e+02
8.97418245481467025e+00   2.91577545884653766e-06   1.68619255529753298e+00   1.26724366430281754e+00   5.55792425600830065e+00   4.99976037749672864e-01   1.77879149274866649e+02
9.07442465501353190e+00   2.94499548392645456e-06   1.68619324382376212e+00   1.26726289115050661e+00   5.55778608368853888e+00   4.99973915813745340e-01   1.77876991885281484e+02
9.17567430607327950e+00   2.97448145900783192e-06   1.68619216934291760e+00   1.26728169120770429e+00   5.55765056394091594e+00   4.99971830924199945e-01   1.77874879778251682e+02
9.27794153304338920e+00   3.00429740909102597e-06   1.68619296208863245e+00   1.26730008011249051e+00   5.55753692804850452e+00   4.99969778285138389e-01   1.77873433589206968e+02
9.38123656273178419e+00   3.03436945917566953e-06   1.68619098585386995e+00   1.26731807275983366e+00   5.55741743415816369e+00   4.99967740645122893e-01   1.77871783845833903e+02
9.48556972472750992e+00   3.06478133426223687e-06   1.68619049545220268e+00   1.26733567884408926e+00   5.55728968289489078e+00   4.99965738443692520e-01   1.77869831930747239e+02
9.59095145243371228e+00   3.09547885935042168e-06   1.68619085665130886e+00   1.26735290752856744e+00   5.55718427956719552e+00   4.99963762490558850e-01   1.77868567226690487e+02
9.69739228411098253e+00   3.12650143444050156e-06   1.68618989529502272e+00   1.26736977423791974e+00   5.55706988479952990e+00   4.99961811128672051e-01   1.77866988438080881e+02
9.80490286393118637e+00   3.15781950953230431e-06   1.68618860559598649e+00   1.26738628976006695e+00   5.55697188980044565e+00   4.99959875234710249e-01   1.77865918006621882e+02
9.91349394304189779e+00   3.18945770962597972e-06   1.68618764120153219e+00   1.26740246574433790e+00   5.55686280577724112e+00   4.99957969599460150e-01   1.77864460301539708e+02
1.00231763806415231e+01   3.22142095972160525e-06   1.68618786417109701e+00   1.26741831202614885e+00   5.55676625603815211e+00   4.99956082303692595e-01   1.77863384177206399e+02
