0.00000000000000000e+00   5.22044944752348256e-19   0.00000000000000000e+00   0.00000000000000000e+00   0.00000000000000000e+00   0.00000000000000000e+00   0.00000000000000000e+00   0.00000000000000000e+00   0.00000000000000000e+00
1.00501670841679491e-02   5.15793151802854908e-19   8.90269656440230086e+06   4.31434090776842568e+04   3.65704389104113534e+03   5.26819592961596328e+00   5.04758634177288186e+04   3.67259887338704448e+03   5.26819592961596328e+00
2.02013400267557763e-02   5.09458098298709067e-19   3.59771454802262038e+07   1.73351663682344049e+05   1.45162962056712877e+04   1.99046691743254733e+01   2.02681656701373140e+05   1.45774016340721937e+04   1.99046691743254733e+01
3.04545339535169379e-02   5.03028751996738266e-19   8.17681569006618559e+07   3.91662933930940577e+05   3.23926927288775696e+04   4.22324801818539228e+01   4.57631132577110489e+05   3.25277070374409632e+04   4.22324801818539228e+01
4.08107741923882106e-02   4.96511264841980566e-19   1.46813410570670396e+08   6.98938891996191349e+05   5.70791686700731952e+04   7.06835074128811272e+01   8.16129063298008055e+05   5.73148674798014326e+04   7.06835074128811272e+01
5.12710963760241167e-02   4.89898272467689745e-19   2.31642378849072814e+08   1.09584488455053489e+06   8.83444554880851792e+04   1.03791457564000524e+02   1.27874791184683656e+06   8.87060730334491091e+04   1.03791457564000524e+02
6.18365465453596386e-02   4.83207436770588014e-19   3.36775406298795998e+08   1.58287199541714229e+06   1.25941146604915935e+05   1.40229384831663339e+02   1.84585839933375525e+06   1.26452464127815620e+05   1.40229384831663339e+02
7.25081812542163195e-02   4.76428202365653442e-19   4.62722608870741427e+08   2.16027881390192965e+06   1.69594178575463477e+05   1.78758392911868157e+02   2.51755683992126863e+06   1.70277541728212178e+05   1.78758392911868157e+02
8.32870676749586369e-02   4.69561169134712870e-19   6.09982762477929354e+08   2.82811175692051090e+06   2.19008856048165413e+05   2.18263767401464918e+02   3.29369376660226472e+06   2.19885237514712848e+05   2.18263767401464918e+02
9.41742837052104154e-02   4.62614706664635174e-19   7.79042318397166252e+08   3.58621663124506269e+06   2.73875955759033444e+05   2.57769151269372060e+02   4.17389060676833848e+06   2.74965037665352749e+05   2.57769151269372060e+02
1.05170918075647490e-01   4.55584578618776997e-19   9.70374598018962979e+08   4.43417148428719025e+06   3.33858889284981065e+05   2.96384970421543471e+02   5.15745631718544662e+06   3.35179071424898459e+05   2.96384970421543471e+02
1.16278070458871285e-01   4.48476387835950642e-19   1.18443853410499334e+09   5.37134627803660743e+06   3.98610147842822946e+05   3.33363272882287390e+02   6.24346548788164370e+06   4.00178633911123092e+05   3.33363272882287390e+02
1.27496851579375736e-01   4.41297627761567564e-19   1.42167740452401900e+09   6.39689061485614814e+06   4.67770677885070443e+05   3.68083187310572271e+02   7.43074438930200972e+06   4.69603544349903706e+05   3.68083187310572271e+02
1.38828383324621774e-01   4.34040435956639535e-19   1.68251850187283492e+09   7.50960176114610769e+06   5.40944279937236570e+05   3.99969037467034525e+02   8.71770698988924548e+06   5.43056417949794093e+05   3.99969037467034525e+02
1.50273798857227137e-01   4.26712845702721555e-19   1.96737200142886519e+09   8.70811847287702933e+06   6.17741395344703342e+05   4.28613729476566334e+02   1.01026007095436137e+07   6.20146646163051017e+05   4.28613729476566334e+02
1.61834242728283062e-01   4.19316295054453156e-19   2.27662977324603844e+09   9.99077001149255224e+06   6.97749737488242215e+05   4.53681765350122305e+02   1.15833186387234349e+07   7.00460879630342242e+05   4.53681765350122305e+02
1.73510870991810284e-01   4.11859754599848136e-19   2.61066370067693663e+09   1.13557061704757363e+07   7.80562981834321399e+05   4.74972707614329181e+02   1.31575636277703792e+07   7.83591828992106603e+05   4.74972707614329181e+02
1.85304851320365449e-01   4.04334771658960941e-19   2.96982707961865044e+09   1.28005862999953143e+07   8.65721597151674563e+05   4.92273499212738955e+02   1.48224632229959387e+07   8.69078841819471680e+05   4.92273499212738955e+02
1.97217363121810152e-01   3.96753487216914876e-19   3.35445202157184124e+09   1.43230643027843125e+07   9.52809496389697888e+05   5.05569160456894679e+02   1.65751735095113795e+07   9.56504933949734550e+05   5.05569160456894679e+02
2.09249597657251485e-01   3.89125724906447329e-19   3.76484879566022873e+09   1.59205490829948112e+07   1.04140738838118815e+06   5.14910835052923971e+02   1.84125813099583164e+07   1.04544992738763010e+06   5.14910835052923971e+02
2.21402758160169855e-01   3.81436741913016666e-19   4.20130412354725647e+09   1.75896706850722879e+07   1.13100156095418078e+06   5.20251517045125979e+02   2.03306516511648260e+07   1.13539889169290219e+06   5.20251517045125979e+02
2.33678059956743178e-01   3.73711907725421079e-19   4.66408419803653812e+09   1.93276349867633171e+07   1.22122499455300788e+06   5.21866654851417934e+02   2.23260909956128970e+07   1.22598413581214868e+06   5.21866654851417934e+02
2.46076730587380776e-01   3.65939549024397994e-19   5.15343039825652981e+09   2.11305451668346673e+07   1.31156454375312175e+06   5.19831502990281024e+02   2.43942909027437083e+07   1.31669130471581663e+06   5.19831502990281024e+02
2.58600009929478070e-01   3.58127792829019978e-19   5.66955896251480770e+09   2.29946780859428905e+07   1.40158611245430610e+06   5.14395944084434745e+02   2.65308930147449076e+07   1.40708536070820526e+06   5.14395944084434745e+02
2.71249150321404731e-01   3.50288397817602995e-19   6.21266096986713600e+09   2.49162239008069597e+07   1.49088564466343494e+06   5.05869967999650896e+02   2.87314668638739549e+07   1.49676137139498303e+06   5.05869967999650896e+02
2.84025416687741394e-01   3.42412510757042039e-19   6.78290470327970409e+09   2.68904104385127611e+07   1.57895103707623482e+06   4.94444305926452330e+02   3.09904498570623994e+07   1.58520595624860865e+06   4.94444305926452330e+02
2.96930086665771809e-01   3.34521886491083539e-19   7.38043125805520058e+09   2.89133443198352121e+07   1.66545506111650984e+06   4.80542914263752095e+02   3.33033774319408089e+07   1.67209116828095098e+06   4.80542914263752095e+02
3.09964450733247521e-01   3.26610506597369356e-19   8.00535345286089802e+09   3.09798182259563655e+07   1.74991385080669611e+06   4.64405954123939921e+02   3.56642318270582482e+07   1.75693184973097057e+06   4.64405954123939921e+02
3.23129812337437095e-01   3.18682007834765744e-19   8.65775967843668747e+09   3.30847214011761397e+07   1.83190771322047245e+06   4.46347885715601194e+02   3.80671481787628457e+07   1.83930716262002685e+06   4.46347885715601194e+02
3.36427488025472288e-01   3.10752192325155457e-19   9.33771306629965019e+09   3.52234021173433140e+07   1.91112603518705955e+06   4.26763708294751268e+02   4.05068426957827955e+07   1.91890561529562646e+06   4.26763708294751268e+02
3.49858807576003183e-01   3.02813714737283827e-19   1.00452483908530235e+10   3.73897351989097297e+07   1.98709503161909245e+06   4.05887910415111662e+02   4.29762995684990957e+07   1.99525195625948138e+06   4.05887910415111662e+02
3.63425114132177818e-01   2.94885004498821811e-19   1.07803691386435623e+10   3.95788960123528838e+07   2.05956667404881725e+06   3.84112749900155563e+02   4.54700881535600573e+07   2.06809730551504809e+06   3.84112749900155563e+02
3.77127764335957183e-01   2.86961691532505875e-19   1.15430582263892879e+10   4.17844792319241166e+07   2.12811973093156051e+06   3.61670039959363521e+02   4.79809214515394419e+07   2.13701896235102741e+06   3.61670039959363521e+02
3.90968128463780484e-01   2.79058989996053360e-19   1.23332700914505520e+10   4.40012714233825803e+07   2.19253223785077548e+06   3.38894148332766463e+02   5.05029579238071069e+07   2.20179401386123011e+06   3.38894148332766463e+02
4.04947590563593973e-01   2.71175121344941561e-19   1.31509309782612419e+10   4.62226464197183400e+07   2.25244196257767221e+06   3.15997001771606961e+02   5.30287065294993892e+07   2.26205876391419396e+06   3.15997001771606961e+02
4.19067548593257566e-01   2.63319077829399875e-19   1.39959332832519550e+10   4.84426535047863424e+07   2.30761475945885153e+06   2.93231107875388034e+02   5.55515035679479614e+07   2.31757790253422642e+06   2.93231107875388034e+02
4.33329414560340576e-01   2.55498598716093727e-19   1.48681558008607464e+10   5.06552384067079350e+07   2.35783600212474074e+06   2.70815727680871476e+02   5.80645828095763773e+07   2.36813561463365192e+06   2.70815727680871476e+02
4.47734614663324759e-01   2.47717114402792933e-19   1.57674446868043308e+10   5.28538134850020409e+07   2.40286688476506853e+06   2.48922905090348962e+02   6.05605724793559685e+07   2.41349174710910441e+06   2.48922905090348962e+02
4.62284589434224902e-01   2.39980635847945816e-19   1.66936176761019268e+10   5.50319469268124923e+07   2.44252375039270986e+06   2.27713265653681987e+02   6.30323055207123235e+07   2.45346138188179582e+06   2.27713265653681987e+02
4.76980793882642917e-01   2.32300865779240868e-19   1.76464634988591461e+10   5.71838918922583088e+07   2.47672862599700550e+06   2.07345394250936437e+02   6.54734332590018734e+07   2.48796553410110530e+06   2.07345394250936437e+02
4.91824697641270570e-01   2.24681136720780848e-19   1.86257572629987030e+10   5.93029700022107884e+07   2.50532900105990749e+06   1.87915194800760787e+02   6.78765295272799283e+07   2.51685038601578819e+06   1.87915194800760787e+02
5.06817785112853691e-01   2.17125116889802401e-19   1.96312427238423996e+10   6.13824432891026363e+07   2.52820020751025900e+06   1.69498918064067396e+02   7.02341155768010467e+07   2.53998997965985071e+06   1.69498918064067396e+02
5.21961555618634110e-01   2.09640939084641722e-19   2.06626336857454605e+10   6.34162118648865074e+07   2.54531059329892416e+06   1.52167524878935666e+02   7.25394685152114928e+07   2.55735160482246988e+06   1.52167524878935666e+02
5.37257523548281712e-01   2.02235525905306752e-19   2.17196239450411301e+10   6.53981360676194057e+07   2.55664570446931664e+06   1.35965264183751458e+02   7.47858260641763806e+07   2.56891975682778750e+06   1.35965264183751458e+02
5.52707218511336418e-01   1.94912364050718291e-19   2.28018917201231842e+10   6.73216068010908216e+07   2.56216853557598963e+06   1.20906831084620066e+02   7.69658882419712394e+07   2.57465626373480400e+06   1.20906831084620066e+02
5.68312185490169153e-01   1.87681703962007490e-19   2.39090867671377907e+10   6.91813308486176878e+07   2.56198260019364068e+06   1.07009288145481278e+02   7.90738835868093371e+07   2.57466389540185314e+06   1.07009288145481278e+02
5.84073984994482043e-01   1.80552072363871094e-19   2.50408266302118301e+10   7.09720060860490799e+07   2.55620113700268604e+06   9.42664261625331505e+01   8.11040269626577795e+07   2.56905516333377920e+06   9.42664261625331505e+01
5.99994193217360472e-01   1.73520382498184536e-19   2.61967227113832283e+10   7.26861208594841212e+07   2.54476374102442339e+06   8.26322401021596846e+01   8.30479843117413521e+07   2.55776833089463087e+06   8.26322401021596846e+01
6.16074402192893666e-01   1.66600500036952784e-19   2.73763659195612869e+10   7.43199369216608107e+07   2.52793961769070476e+06   7.20895020221177560e+01   8.49017702039040625e+07   2.54107238203350455e+06   7.20895020221177560e+01
6.32316219955379344e-01   1.59790951865854250e-19   2.85793233095901909e+10   7.58665466453697830e+07   2.50574806260228809e+06   6.25788660903462244e+01   8.66577439757235348e+07   2.51898553089082893e+06   6.25788660903462244e+01
6.48721270700128416e-01   1.53100799473658910e-19   2.98051262752648354e+10   7.73217080413601846e+07   2.47843076235371036e+06   5.40553341584636087e+01   8.83113243779381216e+07   2.49174916401933273e+06   5.40553341584636087e+01
6.65291194945886843e-01   1.46537590129742038e-19   3.10533194668807373e+10   7.86813930058501959e+07   2.44623753024217067e+06   4.64638692282446257e+01   8.98581597128943056e+07   2.45961286416703369e+06   4.64638692282446257e+01
6.82027649698886851e-01   1.40105904455235934e-19   3.23234181083510132e+10   7.99411637748687118e+07   2.40938653784730891e+06   3.97406697662707273e+01   9.12934142183643281e+07   2.42279449152940465e+06   3.97406697662707273e+01
6.98932308618551046e-01   1.33804179615173055e-19   3.36149168960432053e+10   8.10949391207670122e+07   2.36798703388993442e+06   3.38134679020852573e+01   9.26103623672375530e+07   2.38140259533692198e+06   3.38134679020852573e+01
7.16006862184858761e-01   1.27643008738880978e-19   3.49272821111626968e+10   8.21407591974358261e+07   2.32242828032485163e+06   2.86244387935295634e+01   9.38069731486601084e+07   2.33582684559419239e+06   2.86244387935295634e+01
7.33253017867395718e-01   1.21626704781758128e-19   3.62600003125820999e+10   8.30753874196013510e+07   2.27299501698359987e+06   2.41077566490719768e+01   9.48797336725298464e+07   2.28635206673039170e+06   2.41077566490719768e+01
7.50672500296101441e-01   1.15755716799022558e-19   3.76125269737622452e+10   8.38945372432799488e+07   2.21990183586119022e+06   2.01962377401330215e+01   9.58239163874725252e+07   2.23319270680981642e+06   2.01962377401330215e+01
7.68267051433735526e-01   1.10035932796405367e-19   3.89842957951026459e+10   8.45963684975912720e+07   2.16350461676793592e+06   1.68300388385147350e+01   9.66375589848172516e+07   2.17670513947351929e+06   1.68300388385147350e+01
7.86038430750074069e-01   1.04468973396921178e-19   4.03747306967402420e+10   8.51779269875313640e+07   2.10407795692253904e+06   1.39490146268376094e+01   9.73174078734021336e+07   2.11716420011962065e+06   1.39490146268376094e+01
8.03988415397857370e-01   9.90594826510755694e-20   4.17832693548688736e+10   8.56381331175888032e+07   2.04198540403241478e+06   1.14985907517631887e+01   9.78623155916607380e+07   2.05493413971470343e+06   1.14985907517631887e+01
8.22118800390509552e-01   9.38115525704094243e-20   4.32093241171567078e+10   8.59763849528224170e+07   1.97759300800446724e+06   9.42731747971349066e+00   9.82716480304724276e+07   1.99038182910286123e+06   9.42731747971349066e+00
8.40431398781638084e-01   8.87231878693390426e-20   4.46522807526321869e+10   8.61896390007866174e+07   1.91112361689341045e+06   7.68528634980457248e+00   9.85419770771813393e+07   1.92373038431205554e+06   7.68528634980457248e+00
8.58928041846342527e-01   8.37970406418823738e-20   4.61115400201173096e+10   8.62776359332083762e+07   1.84292560509348544e+06   6.22926725027521666e+00   9.86730068584699780e+07   1.85532910367465066e+06   6.22926725027521666e+00
8.77610579264344048e-01   7.90391541420074781e-20   4.75865041033009262e+10   8.62429040192232728e+07   1.77344841019172547e+06   5.02093313128858121e+00   9.86675666444118917e+07   1.78562895850948151e+06   5.02093313128858121e+00
8.96480879304952127e-01   7.44434642400054110e-20   4.90765573225468521e+10   8.60816304385756701e+07   1.70282572058173525e+06   4.02256098081756175e+00   9.85212834809844196e+07   1.71476375994274579e+06   4.02256098081756175e+00
9.15540829013896884e-01   7.00187706469485030e-20   5.05810500878267822e+10   8.57995573359869719e+07   1.63159371410174714e+06   3.20440210968247774e+00   9.82405625717714578e+07   1.64327189554167446e+06   3.20440210968247774e+00
9.34792334402032132e-01   6.57577271510386961e-20   5.20993792537019119e+10   8.53930217584365606e+07   1.55985319458855339e+06   2.53679535810049694e+00   9.78211515586902201e+07   1.57125432157548191e+06   2.53679535810049694e+00
9.54237320635940023e-01   6.16666206947605031e-20   5.36309240503939133e+10   8.48680683332125545e+07   1.48808150980459200e+06   1.99639299822140526e+00   9.72697399705306143e+07   1.49919058294252190e+06   1.99639299822140526e+00
9.73877732230448379e-01   5.77411666931653706e-20   5.51750534943156052e+10   8.42241202789904624e+07   1.41645967898224364e+06   1.56128310512097213e+00   9.65855122426722497e+07   1.42726247468279069e+06   1.56128310512097213e+00
9.93715533243083149e-01   5.39801930110046905e-20   5.67310990338758545e+10   8.34632242737081051e+07   1.34525084887513169e+06   1.21319520546679893e+00   9.57705913391811401e+07   1.35573445019100909e+06   1.21319520546679893e+00
1.01375270747047752e+00   5.03861915437737485e-20   5.82984673906867599e+10   8.25914818124855757e+07   1.27482495364709804e+06   9.36850325817414009e-01   9.48316534967550486e+07   1.28497849551018095e+06   9.36850325817414009e-01
1.03399125864675145e+00   4.69556964481249047e-20   5.98765276306841125e+10   8.16107688932265788e+07   1.20537216476469254e+06   7.18781268828921238e-01   9.37705842632643282e+07   1.21518594710149267e+06   7.18781268828921238e-01
1.05443321064388851e+00   4.36856789451296632e-20   6.14646376610776367e+10   8.05237172209999859e+07   1.13708663519312162e+06   5.47796793779200319e-01   9.25901025600612909e+07   1.14655223867046530e+06   5.47796793779200319e-01
1.07508060767412372e+00   4.05739538398948418e-20   6.30621467163301239e+10   7.93343010838258266e+07   1.07017945301600825e+06   4.14653064570510488e-01   9.12944235668088794e+07   1.07928994659111486e+06   4.14653064570510488e-01
1.09593551449436566e+00   3.76196531154694144e-20   6.46684621811179199e+10   7.80487668699210137e+07   1.00489538007229858e+06   3.11756267477598603e-01   8.98903110947546512e+07   1.01364566164596577e+06   3.11756267477598603e-01
1.11700001661267567e+00   3.48193449753529931e-20   6.62829613057068176e+10   7.66713584309889227e+07   9.41390840486934641e+05   2.32776491829942006e-01   8.83822563108366430e+07   9.49777200334280031e+05   2.32776491829942006e-01
1.13827622049681976e+00   3.21702870229385314e-20   6.79049997639766235e+10   7.52076968248384893e+07   8.79832934038477833e+05   1.72595868919388773e-01   8.67762929828390926e+07   8.87853228953462793e+05   1.72595868919388773e-01
1.15976625378491605e+00   2.96674816117936387e-20   6.95339606871810608e+10   7.36611374949816316e+07   8.20306700784574263e+05   1.27043234607842226e-01   8.50758907193413377e+07   8.27959896296815830e+05   1.27043234607842226e-01
1.18147226549820195e+00   2.73087263895435269e-20   7.11692602962888184e+10   7.20392108811736405e+07   7.62974548209015164e+05   9.28392177919951794e-02   8.32892266414377093e+07   7.70261343776532565e+05   9.28392177919951794e-02
1.20339642625593779e+00   2.50893383837862338e-20   7.28102941485147247e+10   7.03466778540333956e+07   7.07907718716238276e+05   6.73395135801381772e-02   8.14213490096012056e+07   7.14830003242925508e+05   6.73395135801381772e-02
1.22554092849246876e+00   2.30050559722482451e-20   7.44564226588837128e+10   6.85892036611311734e+07   6.55178030050366302e+05   4.84726432710381877e-02   7.94783259636393934e+07   6.61738955699930666e+05   4.84726432710381877e-02
1.24790798667647218e+00   2.10529078729756594e-20   7.61070773782007599e+10   6.67751859989866167e+07   6.04888081293083378e+05   3.46305264572209018e-02   7.74693211650773883e+07   6.11092384909957414e+05   3.46305264572209018e-02
1.27049983753240703e+00   1.92264994084542370e-20   7.77616894884005890e+10   6.49076801892231703e+07   5.57015585141304764e+05   2.45440878840105445e-02   7.53974641195454597e+07   5.62868692685772083e+05   2.45440878840105445e-02
1.29331874026418392e+00   1.75229479273597454e-20   7.94196811232928619e+10   6.29961647724456638e+07   5.11641263808120100e+05   1.72604404218250768e-02   7.32731603950315863e+07   5.17150155952138070e+05   1.72604404218250768e-02
1.31636697678109282e+00   1.59362783066786027e-20   8.10804224712717896e+10   6.10447270595498234e+07   4.68730843401329883e+05   1.20393065870588074e-02   7.11007257351393253e+07   4.73903182609952346e+05   1.20393065870588074e-02
1.33964685192599209e+00   1.44617070673941144e-20   8.27434062865516052e+10   5.90598219174495935e+07   4.28277934547336306e+05   8.32778404552596274e-03   6.88871729368303716e+07   4.33122321188543923e+05   8.32778404552596274e-03
1.36316069370579607e+00   1.30949992001828123e-20   8.44080828747106934e+10   5.70493478580838367e+07   3.90282534256894607e+05   5.71281311095584408e-03   6.66411725252278745e+07   3.94808603852310800e+05   5.71281311095584408e-03
1.38691085352427779e+00   1.18310208468137853e-20   8.60738960623499756e+10   5.50193911513935402e+07   3.54702884651342058e+05   3.88584904373284225e-03   6.43693627448789328e+07   3.58920971533339063e+05   3.88584904373284225e-03
1.41089970641721107e+00   1.06642415150044636e-20   8.77402627681045685e+10   5.29748326965989918e+07   3.21472324801027775e+05   2.61993645800019746e-03   6.20770325925531760e+07   3.25393236953875865e+05   2.61993645800019746e-03
1.43512965128987569e+00   9.59013733744210750e-21   8.94067142267090607e+10   5.09230594520147219e+07   2.90548073146689625e+05   1.75090197307117075e-03   5.97723498697506040e+07   2.94183318077013188e+05   1.75090197307117075e-03
1.45960311115695118e+00   8.60381961793417194e-21   9.10727334022990570e+10   4.88704230137112439e+07   2.61864539207508584e+05   1.15971112466532289e-03   5.74623358788333684e+07   2.65226109674074803e+05   1.15971112466532289e-03
1.48432253338481779e+00   7.70012194462093771e-21   9.27377837445010071e+10   4.68221025644468665e+07   2.35336814170371857e+05   7.61098262615043735e-04   5.51527054825207219e+07   2.38436980074420426e+05   7.61098262615043735e-04
1.50929038993629927e+00   6.87394594086912736e-21   9.44013505113466644e+10   4.47829000595614612e+07   2.10873148589602526e+05   4.94763748358395604e-04   5.28487717160117775e+07   2.13724354917844757e+05   4.94763748358395604e-04
1.53450917761785588e+00   6.12117598805701411e-21   9.60629926378664093e+10   4.27606293929152861e+07   1.88407185932908877e+05   3.18643271879510840e-04   5.05593312596453577e+07   1.91022297023035935e+05   3.18643271879510840e-04
1.55998141832927306e+00   5.43652390615710444e-21   9.77222330715882568e+10   4.07583038690574244e+07   1.67824052246169158e+05   2.03201321438057617e-04   4.82877214183465242e+07   1.70215790908101219e+05   2.03201321438057617e-04
1.58570965931584773e+00   4.81584246817806136e-21   9.93785551739129333e+10   3.87824864314529151e+07   1.49040702384553122e+05   1.28322223544683872e-04   4.60413837776477784e+07   1.51221952819240018e+05   1.28322223544683872e-04
1.61169647342311917e+00   4.25455630617136169e-21   1.01031520843672806e+11   3.68373378409920484e+07   1.31952605602594296e+05   8.02252080652360186e-05   4.38250448274612874e+07   1.33936121599878214e+05   8.02252080652360186e-05
1.63794445935415434e+00   3.74840237228367920e-21   1.02680716154850006e+11   3.49273938211655915e+07   1.16459736748106880e+05   4.96457871327079411e-05   4.16438999434783980e+07   1.18258133229302723e+05   4.96457871327079411e-05
1.66445624192941866e+00   3.29306798892960885e-21   1.04325706024806107e+11   3.30557660947532803e+07   1.02454584954908467e+05   3.03978421659755983e-05   3.95015385240410194e+07   1.04080178490774953e+05   3.03978421659755983e-05
1.69123447234926427e+00   2.88488059739101073e-21   1.05965992668679977e+11   3.12277187919631451e+07   8.98465369865866669e+04   1.84180057180796917e-05   3.74040754464351237e+07   9.13114907531176868e+04   1.84180057180796917e-05
1.71828182845904731e+00   2.51985236430576673e-21   1.07601221516773270e+11   2.94455969758707471e+07   7.85295574171607150e+04   1.10379507030145830e-05   3.53542909843823612e+07   7.98456117852533353e+04   1.10379507030145830e-05
1.74560101501691856e+00   2.19448094378781390e-21   1.09231003970964600e+11   2.77131149688379392e+07   6.84101677017031034e+04   6.54259879010624239e-06   3.33565877638176903e+07   6.95887279462412116e+04   6.54259879010624239e-06
1.77319476396429998e+00   1.90531346197332176e-21   1.10854941993903381e+11   2.60328331244232729e+07   5.93928831146138255e+04   3.83456885015583540e-06   3.14140669349611625e+07   6.04449146292472651e+04   3.83456885015583540e-06
1.80106583469908132e+00   1.64914503248970722e-21   1.12472571505084808e+11   2.44073599911768064e+07   5.13874788212932181e+04   2.22187648152758631e-06   2.95299210958815031e+07   5.23234999703322028e+04   2.22187648152758631e-06
1.82921701435156159e+00   1.42293855971082368e-21   1.14083610121512604e+11   2.28388762679164074e+07   4.43067410231661052e+04   1.27257350744966145e-06   2.77068814777147919e+07   4.51367857726620059e+04   1.27257350744966145e-06
1.85765111806316563e+00   1.22377761751564845e-21   1.15687697397955322e+11   2.13285621315866560e+07   3.80650829077093440e+04   7.20176559472233672e-07   2.59465386482688934e+07   3.87986399898364834e+04   7.20176559472233672e-07
1.88637098926796032e+00   1.04897809783894180e-21   1.17284454934098953e+11   1.98775090004128478e+07   3.25827599749888213e+04   4.02567604709466301e-07   2.42504047292175330e+07   3.32287772826525907e+04   4.02567604709466301e-07
1.91537949997699863e+00   8.96191800552536761e-22   1.18873500850807434e+11   1.84880737562543340e+07   2.77896768412146594e+04   2.22321896826580824e-07   2.26215140577207617e+07   2.83566367970760803e+04   2.22321896826580824e-07
1.94467955106552592e+00   7.63025353631256964e-22   1.20454578013157806e+11   1.71600126989342012e+07   2.36126891285819802e+04   1.21233060762477847e-07   2.10598653728416190e+07   2.41084778323648279e+04   1.21233060762477847e-07
1.97427407256306786e+00   6.47350910756945045e-22   1.22027367682941071e+11   1.58935489482596181e+07   1.99863942074664628e+04   6.52543822656408804e-08   1.95660247668309957e+07   2.04183493616259293e+04   6.52543822656408804e-08
2.00416602394643517e+00   5.47281804486580253e-22   1.23591507466978745e+11   1.46895582296161968e+07   1.68524795066238185e+04   3.46727329817729426e-08   1.81413563494961597e+07   1.72274389877634494e+04   3.46727329817729426e-08
2.03435839443567756e+00   4.60989507512334833e-22   1.25146701906498276e+11   1.35472386723275483e+07   1.41537429608966759e+04   1.81773251845689182e-08   1.67852500548864417e+07   1.44779899926222934e+04   1.81773251845689182e-08
2.06485420329300418e+00   3.86846646851343156e-22   1.26692714883940842e+11   1.24660271154658683e+07   1.18390686420547700e+04   9.39916002309466933e-09   1.54973905722150281e+07   1.21183712291357588e+04   9.39916002309466933e-09
2.09565650012471405e+00   3.23423280707905237e-22   1.28229267855159454e+11   1.14459786233428493e+07   9.86338255580764053e+03   4.79446813379935763e-09   1.42782187087556366e+07   1.01030425679501896e+04   4.79446813379935763e-09
2.12676836518615842e+00   2.69348270274049998e-22   1.29756010301532532e+11   1.04854690229720101e+07   8.18314726990923282e+03   2.41107332577074027e-09   1.31261707334890682e+07   8.38796520748379953e+03   2.41107332577074027e-09
2.15819290968977029e+00   2.23425844797111872e-22   1.31272736628800507e+11   9.58335505452822521e+06   6.76034882219318843e+03   1.19503111133350401e-09   1.20402632496505901e+07   6.93467375139721753e+03   1.19503111133350401e-09
2.18993327611618716e+00   1.84595485007549306e-22   1.32779227084370529e+11   8.73858234124112315e+06   5.56120087038294787e+03   5.83750547497224793e-10   1.10196259250001088e+07   5.70896247364579085e+03   5.83750547497224793e-10
2.22199263852850271e+00   1.51884064870681670e-22   1.34275241325441544e+11   7.94924400250775646e+06   4.55463245402775829e+03   2.80877728167679485e-10   1.00623550944997165e+07   4.67934574027175495e+03   2.80877728167679485e-10
2.25437420288967383e+00   1.24443864535963720e-22   1.35760436367519592e+11   7.21367705049401056e+06   3.71357227161998298e+03   1.33086012924582242e-10   9.16683773342922330e+06   3.81837681809463675e+03   1.33086012924582242e-10
2.28708120738312104e+00   1.01534523401499025e-22   1.37234699104170319e+11   6.53042902643972449e+06   3.01438607377192238e+03   6.21035857038787366e-11   8.33171653171800077e+06   3.10208027205436520e+03   6.21035857038787366e-11
2.32011692273654990e+00   8.24741387838943654e-23   1.38697821401081970e+11   5.89686843886995781e+06   2.43531398756328599e+03   2.85129962517785737e-11   7.55417845740958676e+06   2.50835661216414064e+03   2.85129962517785737e-11
2.35348465254902672e+00   6.67008656943110571e-23   1.40149576286233246e+11   5.31157811488606408e+06   1.95845767628085423e+03   1.28853126522265283e-11   6.83289227433561254e+06   2.01902488669727086e+03   1.28853126522265283e-11
2.38718773362133785e+00   5.36947623434897595e-23   1.41589691152918213e+11   4.77182249566228315e+06   1.56728837036748564e+03   5.72554943892044769e-12   6.16488570273884200e+06   1.61727319025302199e+03   5.72554943892044769e-12
2.42122953628967652e+00   4.30276427763810799e-23   1.43018080341627319e+11   4.27584702969350480e+06   1.24823024704503155e+03   2.50223191734968261e-12   5.54838517523303162e+06   1.28928874911825233e+03   2.50223191734968261e-12
2.45561346476267861e+00   3.43176908040830966e-23   1.44434564656207642e+11   3.82126766407754272e+06   9.89216784579571367e+02   1.07499856346759567e-12   4.98081815596650168e+06   1.02278084244498336e+03   1.07499856346759567e-12
2.49034295746184409e+00   2.72385636331488922e-23   1.45838920821187408e+11   3.40573512983067241e+06   7.79974250223401668e+02   4.53778813792278242e-13   4.45963273331389856e+06   8.07276275718847387e+02   4.53778813792278242e-13
2.52542148736538552e+00   2.15132713715335367e-23   1.47230963899078033e+11   3.02700975822746381e+06   6.11819559039106139e+02   1.88147022506814889e-13   3.98239183764100727e+06   6.33916154744486676e+02   1.88147022506814889e-13
2.56085256235552405e+00   1.69073615846638741e-23   1.48610615461231110e+11   2.68296192728058808e+06   4.77436880760372958e+02   7.66202426107630856e-14   3.54677533418431785e+06   4.95230156223635902e+02   7.66202426107630856e-14
2.59663972556928480e+00   1.32192387333089546e-23   1.49977727757111847e+11   2.37120651024905453e+06   3.70570543559196949e+02   3.06244937618565038e-14   3.15011386856412282e+06   3.84823467131677205e+02   3.06244937618565038e-14
2.63278655575281295e+00   1.02820793766616108e-23   1.51332076450702484e+11   2.08964076262015942e+06   2.86071111976480609e+02   1.20120745698364560e-14   2.79007051819900703e+06   2.97427782416215734e+02   1.20120745698364560e-14
2.66929666761924755e+00   7.95443613056275685e-24   1.52673566212314026e+11   1.83601269702353189e+06   2.19600897586572216e+02   4.62021954665817305e-15   2.46409012623446016e+06   2.28600236231929756e+02   4.62021954665817305e-15
2.70617371221020209e+00   6.12088035162159594e-24   1.54002120801832642e+11   1.60840833894550567e+06   1.67640677499872368e+02   1.74299317697418690e-15   2.17002494061867194e+06   1.74733213184424500e+02   1.74299317697418690e-15
2.74342137726086621e+00   4.68380274783310001e-24   1.55317621242924194e+11   1.40470356085803430e+06   1.27236713683484084e+02   6.44417335010800999e-16   1.90542802379168593e+06   1.32794879340646418e+02   6.44417335010800999e-16
2.78104338756878455e+00   3.56395712717997573e-24   1.56619837651224060e+11   1.22300004622499971e+06   9.60073320047923886e+01   2.33437285798740894e-16   1.66811600140866661e+06   1.00338137624713795e+02   2.33437285798740894e-16
2.81904350536633919e+00   2.69627694027224543e-24   1.57908765867095551e+11   1.06144439123302163e+06   7.20121659760412740e+01   8.28177724058697168e-17   1.45593596080096788e+06   7.53669386479117804e+01   8.28177724058697168e-17
2.85742553069697847e+00   2.02793088917083553e-24   1.59184326938616028e+11   9.18284867967752623e+05   5.36880102119003766e+01   2.87661270561594582e-17   1.26683988323533838e+06   5.62713010818623616e+01   2.87661270561594582e-17
2.89619330179521883e+00   1.51604838105269532e-24   1.60446416562393555e+11   7.91815193392320420e+05   3.97770613378953328e+01   9.77539095281027687e-18   1.09881094048463088e+06   4.17541050864602070e+01   9.77539095281027687e-18
2.93535069547047689e+00   1.12648698113798379e-24   1.61694829614320740e+11   6.80501542317487882e+05   2.92857959331128193e+01   3.24955329788640854e-18   9.50033332886064425e+05   3.07895342833740777e+01   3.24955329788640854e-18
2.97490162749475262e+00   8.31767433783029739e-25   1.62929619746455200e+11   5.82837816422438598e+05   2.14219664381461072e+01   1.05589743892769293e-18   8.18701138489234960e+05   2.25584246491787646e+01   1.05589743892769293e-18
3.01485005299420550e+00   6.10297149648376981e-25   1.64150712213940582e+11   4.97488288537728367e+05   1.55684398339430867e+01   3.35383673124776160e-19   7.03210862034039455e+05   1.64218513650568454e+01   3.35383673124776160e-19
3.05519996684467898e+00   4.44875083377015522e-25   1.65357992894970947e+11   4.23136078912462399e+05   1.12384465326538230e+01   1.04039190036178800e-19   6.01958827543837484e+05   1.18750718076876662e+01   1.04039190036178800e-19
3.09595540407118008e+00   3.22163454662059066e-25   1.66551343416061951e+11   3.58618996423797216e+05   8.05805779614740381e+00   3.15164414136431823e-20   5.13526731029257469e+05   8.52980780722777787e+00   3.15164414136431823e-20
3.13712044025139658e+00   2.31715024143114693e-25   1.67730810191334076e+11   3.02824515710920619e+05   5.73739629012468733e+00   9.31523184283952180e-21   4.36540541566668777e+05   6.08456748443708939e+00   9.31523184283952180e-21
3.17869919192325057e+00   1.65520078612455255e-25   1.68896340374714478e+11   2.54767815512432280e+05   4.05640903053968849e+00   2.68594587747655168e-21   3.69779414709593810e+05   4.31013008102106010e+00   2.68594587747655168e-21
3.22069581699655672e+00   1.17403649153131397e-25   1.70047805908044403e+11   2.13526266503025865e+05   2.84725699641995744e+00   7.54995532518535898e-22   3.12087402612612001e+05   3.03136278967365325e+00   7.54995532518535898e-22
3.26311451516882212e+00   8.26746508938908202e-26   1.71185176634512909e+11   1.78268281462816347e+05   1.98378987047045241e+00   2.06760554294793674e-22   2.62415216055099794e+05   2.11640798962856014e+00   2.06760554294793674e-22
3.30595952834521079e+00   5.77986788642829507e-26   1.72308487287731934e+11   1.48256214490642364e+05   1.37198010372575174e+00   5.51642645257597832e-23   2.19826845955872035e+05   1.46681222357558916e+00   5.51642645257597832e-23
3.34923514106274567e+00   4.01041995262600236e-26   1.73417704640573822e+11   1.22800997092241072e+05   9.41570274719124467e-01   1.43234627015169051e-23   1.83437273452296766e+05   1.00886793824985643e+00   1.43234627015169051e-23
3.39294568091876148e+00   2.76159700393367933e-26   1.74512682951568909e+11   1.01304431778179423e+05   6.41187706707211702e-01   3.61862894255363991e-24   1.52474430070291884e+05   6.88579898741840002e-01   3.61862894255363991e-24
3.43709551900366961e+00   1.88689792164867363e-26   1.75593481424893036e+11   8.32247025260156515e+04   4.33176548489707658e-01   8.88906271204352790e-25   1.26232088172144198e+05   4.66289358609922600e-01   8.88906271204352790e-25
3.48168907033806985e+00   1.27905602779695685e-26   1.76660119058300812e+11   6.80834524669543171e+04   2.90287765154489341e-01   2.12204277622841990e-25   1.04081792383572814e+05   3.13238849870514313e-01   2.12204277622841990e-25
3.52673079431425762e+00   8.60054627812587373e-27   1.77712580179872070e+11   5.54585115190269644e+04   1.92939162985785007e-01   4.92078281817930890e-26   8.54642137673891702e+04   2.08717826964152225e-01   4.92078281817930890e-26
3.57222519514216419e+00   5.73527767904412756e-27   1.78750697761610474e+11   4.49758488540193866e+04   1.27155686053199185e-01   1.10744711751207451e-26   6.98790417764950107e+04   1.37912774920532777e-01   1.10744711751207451e-26
3.61817682229978566e+00   3.79279003316672655e-27   1.79774621446151154e+11   3.63136126038565271e+04   8.30926766843821246e-02   2.41863911487740402e-27   5.68927106177132227e+04   9.03647628946581266e-02   2.41863911487740402e-27
3.66459027098813106e+00   2.48649419139689902e-27   1.80784350751443939e+11   2.91850517716605900e+04   5.38204517992697876e-02   5.11950274114365823e-28   4.61145068204220443e+04   5.86936547400686293e-02   5.11950274114365823e-28
3.71147018259074635e+00   1.61596704987720144e-27   1.81779852118696960e+11   2.33480529139138634e+04   3.45529722813917098e-02   1.05020308705449018e-28   3.72123667606727031e+04   3.77900313673159502e-02   1.05020308705449018e-28
3.75882124513785953e+00   1.04087527790594666e-27   1.82761034529776855e+11   1.85905313686178088e+04   2.19827315619324851e-02   2.08624449358466581e-29   2.98922427861159849e+04   2.41136786295310553e-02   2.08624449358466581e-29
3.80664819377518437e+00   6.64280051132775766e-28   1.83728038383792999e+11   1.47304239053468464e+04   1.38548013484827964e-02   4.00881742613910055e-30   2.38992486378777176e+04   1.52445880466280919e-02   4.00881742613910055e-30
3.85495581123743936e+00   4.20033535743399533e-28   1.84680873836774017e+11   1.16150290179916665e+04   8.65045913350221893e-03   7.45098118129850247e-31   1.90179137630247315e+04   9.54844239214866497e-03   7.45098118129850247e-31
3.90374892832662823e+00   2.63078651432644084e-28   1.85619482837671204e+11   9.11276827115204287e+03   5.34917057924991137e-03   1.33830710645217963e-31   1.50604800326274708e+04   5.92384575010434979e-03   1.33830710645217963e-31
3.95303242439512115e+00   1.63189638995712667e-28   1.86543861962971771e+11   7.11334959388382322e+03   3.27551976271980025e-03   2.32176654551898164e-32   1.18680930775388370e+04   3.63972514960207499e-03   2.32176654551898164e-32
4.00281122783359322e+00   1.00248501485734346e-28   1.87454128519959839e+11   5.52433747164209854e+03   1.98607979318727668e-03   3.88966055625289934e-33   9.30629766037503941e+03   2.21464558784699667e-03   3.88966055625289934e-33
4.05309031656387386e+00   6.09578819840159467e-29   1.88350305055827393e+11   4.26735766510474423e+03   1.19184685433609740e-03   6.28154212219824348e-34   7.25972565022227536e+03   1.33382107933288662e-03   6.28154212219824348e-34
4.10387471853673169e+00   3.66856512418670172e-29   1.89232306309876190e+11   3.27857661725110665e+03   7.07784764055853022e-04   9.77460795456579769e-35   5.63358690493107315e+03   7.95059230813610065e-04   9.77460795456579769e-35
4.15516951223468745e+00   2.18472604617525678e-29   1.90100217266891510e+11   2.50506775446356778e+03   4.15872623601576267e-04   1.46462542194398220e-35   4.34842283702400073e+03   4.68956658917230322e-04   1.46462542194398220e-35
4.20697982717985486e+00   1.28729181414076179e-29   1.90954129189901062e+11   1.90342164205826930e+03   2.41738008298866255e-04   2.11229674115651430e-36   3.33836297606781091e+03   2.73681569935382591e-04   2.11229674115651430e-36
4.25931084444690544e+00   7.50194947548914211e-30   1.91794075402030487e+11   1.43796678713544316e+03   1.38960501214467863e-04   2.92818621909475261e-37   2.54864179797414954e+03   1.57970634627941189e-04   2.92818621909475261e-37
4.31216779718117316e+00   4.32353797630086666e-30   1.92619941005699524e+11   1.08003374986314520e+03   7.89864516214705054e-05   3.90019945674354390e-38   1.93478631552732554e+03   9.01735708009138647e-05   3.90019945674354390e-38
4.36555597112198157e+00   2.46381259231086825e-30   1.93431900107373627e+11   8.06434461817547458e+02   4.43880449634677526e-05   4.98874525441571012e-39   1.46040821936596785e+03   5.08970851524354474e-05   4.98874525441571012e-39
4.41948070513121305e+00   1.38768972425156949e-30   1.94230015075477295e+11   5.98477973347711441e+02   2.46514629407643177e-05   6.11838156071345912e-40   1.09581778348634111e+03   2.83942627833015949e-05   6.11838156071345912e-40
4.47394739172720701e+00   7.72432678470136488e-31   1.95014310927775757e+11   4.41427967578799269e+02   1.35285995663373638e-05   7.19302981926721341e-41   8.17351961510610522e+02   1.56553772008851117e-05   7.19302981926721341e-41
4.52896147762401124e+00   4.24804835900540085e-31   1.95784694423364899e+11   3.23550104243231203e+02   7.33454658450887562e-06   8.09796267804359261e-42   6.05932553556036510e+02   8.52845300751244822e-06   8.09796267804359261e-42
4.58452846427606087e+00   2.30756621901165655e-31   1.96541375728640289e+11   2.35629995218621474e+02   3.92717180303186851e-06   8.72131236985028510e-43   4.46397123216532862e+02   4.58910943265248996e-06   8.72131236985028510e-43
4.64065390842832848e+00   1.23793705663245730e-31   1.97284403831617096e+11   1.70490377812634279e+02   2.07643704752356542e-06   8.98118396759433539e-44   3.26792569212028809e+02   2.43885057258959837e-06   8.98118396759433539e-44
4.69734342267199878e+00   6.55601978496181481e-32   1.98013771417055908e+11   1.22533818978945845e+02   1.08369230700428243e-06   8.83025739653892792e-45   2.37675418800306801e+02   1.27955479354595912e-06   8.83025739653892792e-45
4.75460267600573872e+00   3.42693612261975950e-32   1.98729473183609314e+11   8.74707381317985977e+01   5.58174610715274135e-07   8.28404978664010127e-46   1.71719868723023581e+02   6.62642495230779534e-07   8.28404978664010127e-46
4.81243739440259688e+00   1.76763998857974100e-32   1.99431687463142365e+11   6.20111176209746446e+01   2.83668003989929636e-07   7.40932159840599574e-47   1.23233739433200398e+02   3.38646959024180261e-07   7.40932159840599574e-47
4.87085336138260860e+00   8.99493188778686725e-33   2.00120470541930389e+11   4.36539195540486560e+01   1.42207333099395545e-07   6.31252935715355022e-48   8.78330270240390547e+01   1.70749421658434955e-07   6.31252935715355022e-48
4.92985641859115464e+00   4.51349092807823840e-33   2.00795780895023773e+11   3.05083194123945773e+01   7.02906452802546015e-08   5.11418119524188841e-49   6.21585312367847749e+01   8.49005143720706414e-08   5.11418119524188841e-49
4.98945246638312145e+00   2.23331088981842817e-33   2.01457701719576141e+11   2.11671885015957422e+01   3.42572526820367471e-08   3.94046107745583066e-50   4.36781107090306264e+01   4.16309583893726654e-08   3.94046107745583066e-50
5.04964746441295453e+00   1.08912144958924362e-33   2.02106377415992828e+11   1.45760321466956668e+01   1.64533226229541185e-08   2.88191723514948586e-51   3.04670141949204414e+01   2.01208631412842664e-08   2.88191723514948586e-51
5.11044743223061904e+00   5.23320709135958036e-34   2.02741870473965942e+11   9.96054772749946871e+00   7.78530220555997748e-09   1.99861593764396518e-52   2.10928241636993583e+01   9.58246314367079010e-09   1.99861593764396518e-52
5.17185844988356092e+00   2.47730647498360931e-34   2.03364103668035309e+11   6.75420016268852041e+00   3.62891110366908241e-09   1.31382691335711421e-53   1.44928962335260429e+01   4.49642179633473523e-09   1.31382691335711421e-53
5.23388665852472545e+00   1.15477604312530719e-34   2.03973248940535095e+11   4.54362167281245277e+00   1.66548609782089525e-09   8.17217475928961713e-55   9.88058520530507600e+00   2.07779803591795834e-09   8.17217475928961713e-55
5.29653826102666514e+00   5.29967744557310494e-35   2.04569414981057465e+11   3.03202364441775618e+00   7.52487332887187333e-10   4.80698647473265737e-56   6.68313062265229973e+00   9.45402195665540649e-10   4.80698647473265737e-56
5.35981952260184080e+00   2.39341135467341252e-35   2.05152669551198029e+11   2.00656861253420837e+00   3.34527790701815715e-10   2.66908001409345407e-57   4.48369826526878867e+00   4.23341032392781890e-10   2.66908001409345407e-57
5.42373677142914357e+00   1.06353852342085800e-35   2.05722898398104645e+11   1.31687143941913631e+00   1.46316788655029127e-10   1.39841792836150731e-58   2.98350240092308994e+00   1.86543147112068417e-10   1.39841792836150731e-58
5.48829639928672020e+00   4.64811881852403689e-36   2.06280362301446808e+11   8.56859491160006481e-01   6.29369018585122293e-11   6.90326003997203822e-60   1.96860512521420761e+00   8.08547247822055592e-11   6.90326003997203822e-60
5.55350486219115869e+00   1.99725742731293955e-36   2.06825132714140320e+11   5.52680489254597007e-01   2.66140464019023623e-11   3.20669575541343143e-61   1.28781541944560751e+00   3.44599937466138532e-11   3.20669575541343143e-61
5.61936868104308740e+00   8.43491814693433574e-37   2.07357239878950348e+11   3.53317234094520705e-01   1.10603439837979422e-11   1.40003019625087587e-62   8.35099373827175917e-01   1.44366928811685867e-11   1.40003019625087587e-62
5.68589444227927920e+00   3.50020556676804598e-37   2.07876657279682526e+11   2.23830468858639386e-01   4.51601472702199147e-12   5.73919379104104283e-64   5.36720547175056906e-01   5.94347924612112999e-12   5.73919379104104283e-64
5.75308879853129618e+00   1.42628599141500142e-37   2.08383608567043365e+11   1.40475841545621261e-01   1.81052355854053812e-12   2.20416002607390842e-65   3.41781738248900346e-01   2.40308771703145040e-12   2.20416002607390842e-65
5.82095846929075922e+00   5.70739380827444528e-38   2.08878168649660736e+11   8.73421671133985111e-02   7.12749852648594740e-13   7.93209701483447240e-67   2.15649217275908189e-01   9.54279928357901535e-13   7.93209701483447240e-67
5.88951024158130387e+00   2.24131627948032423e-38   2.09360328816789734e+11   5.37824289308642400e-02   2.75339168922513294e-13   2.66847274758006890e-68   1.34772214861574480e-01   3.71942001775741672e-13   2.66847274758006890e-68
5.95875097063728276e+00   8.63487548219363400e-39   2.09830151507200195e+11   3.27927020017675722e-02   1.04340097634601681e-13   8.38194771289200256e-70   8.34124730192367381e-02   1.42240476735001368e-13   8.38194771289200256e-70
6.02868758058930343e+00   3.26246793542740709e-39   2.10287820823634247e+11   1.97951487504277809e-02   3.87737322987507364e-14   2.45526383697720425e-71   5.11166874782225875e-02   5.33545159259849195e-14   2.45526383697720425e-71
6.09932706515664336e+00   1.20839088020149951e-39   2.10733414787886627e+11   1.18277218747529309e-02   1.41241242212718470e-14   6.69774291340448382e-73   3.10105976111941448e-02   1.96225011730059311e-14   6.69774291340448382e-73
6.17067648834662474e+00   4.38585421526204993e-40   2.11166884954888702e+11   6.99374769496807595e-03   5.04124310108463728e-15   1.69891661557417601e-74   1.86199254649014531e-02   7.07274833705877698e-15   1.69891661557417601e-74
6.24274298516102277e+00   1.55908991991936105e-40   2.11588382528182892e+11   4.09143821779335819e-03   1.76218147769383703e-15   3.99997552070335715e-76   1.10625696435175183e-02   2.49722913522688854e-15   3.99997552070335715e-76
6.31553376230957753e+00   5.42695686052691389e-41   2.11998051032559998e+11   2.36782097229931536e-03   6.03115718885548893e-16   8.73421555136284355e-78   6.50266704351679797e-03   8.63504968396412843e-16   8.73421555136284355e-78
6.38905609893066018e+00   1.84893258942640612e-41   2.12395970989552887e+11   1.35529226304125948e-03   2.02022342319201881e-16   1.76602459325722815e-79   3.78083378274473225e-03   2.92293890424110607e-16   1.76602459325722815e-79
6.46331734731920271e+00   6.16184452755676697e-42   2.12782053626553192e+11   7.67004967466005045e-04   6.61898492587423506e-17   3.29960653731784756e-81   2.17377071081636519e-03   9.67984853737575556e-17   3.29960653731784756e-81
6.53832493366192846e+00   2.00796136006942350e-42   2.13156538488336456e+11   4.29100562040479175e-04   2.12035167459300451e-17   5.68870992686301083e-83   1.23561408868483216e-03   3.13503656279102458e-17   5.68870992686301083e-83
6.61408635877998030e+00   6.39511205314057702e-43   2.13519527733323639e+11   2.37252550216485029e-04   6.63808144251702233e-18   9.03466233979226661e-85   6.94206933098309394e-04   9.92512008062546788e-18   9.03466233979226661e-85
6.69060919887900152e+00   1.99003560902927982e-43   2.13871080499113190e+11   1.29625214035311223e-04   2.03034005253963198e-18   1.32038627615783074e-86   3.85447799005894892e-04   3.07058204745535331e-18   1.32038627615783074e-86
6.76790110630677422e+00   6.04612736747732672e-44   2.14211137296725464e+11   6.99573005560541873e-05   6.06273841614436926e-19   1.77110870538733529e-88   2.11422446552783991e-04   9.27642702259121690e-19   1.77110870538733529e-88
6.84596981031844898e+00   1.79312287248736406e-44   2.14539955364868378e+11   3.72905785945471758e-05   1.76708763624915347e-19   2.17890143360615928e-90   1.14551322277256959e-04   2.73608646431609908e-19   2.17890143360615928e-90
6.92482311784948568e+00   5.18740323985529215e-45   2.14857618264762177e+11   1.96259153270457184e-05   5.02373197646327049e-20   2.45227064871855557e-92   6.12850846119788887e-05   7.87333045844624868e-20   2.45227064871855557e-92
7.00446891429634988e+00   1.46323633346464384e-45   2.15164143208057129e+11   1.01960780080264710e-05   1.39249034535926023e-20   2.52107414748012766e-94   3.23683891803082388e-05   2.20944999755891872e-20   2.52107414748012766e-94
7.08491516430505541e+00   4.02218349589552678e-46   2.15459559970182587e+11   5.22740366234660087e-06   3.76109096141313967e-21   2.36278537204051589e-96   1.68723353658248632e-05   6.04317385573722883e-21   2.36278537204051589e-96
7.16616991256764457e+00   1.07690169758076567e-46   2.15744082428506104e+11   2.64410931091442830e-06   9.89409740997233954e-22   2.01517080920833931e-98   8.67773823922331966e-06   1.61021998703084569e-21   2.01517080920833931e-98
7.24824128462665307e+00   2.80722065715523470e-47   2.16017795206146912e+11   1.31923549135186268e-06   2.53396136352657685e-22   1.56172563118334808e-100   4.40273283607640269e-06   4.17795744694653701e-22   1.56172563118334808e-100
7.33113748768768225e+00   7.12013182716675068e-48   2.16280673459698334e+11   6.49044609493230869e-07   6.31407400072418443e-23   1.09727674029703727e-102   2.20283312311719493e-06   1.05493414560852609e-22   1.09727674029703727e-102
7.41486681144011683e+00   1.75622834761117793e-48   2.16532835504847473e+11   3.14789230669143046e-07   1.52994712530772384e-23   6.97630449689356175e-105   1.08659279944086724e-06   2.59083210401644957e-23   6.97630449689356175e-105
7.49943762888610976e+00   4.20959291064284307e-49   2.16774451402048920e+11   1.50451951991768071e-07   3.60234013708571196e-24   4.00315162324059653e-107   5.28222896324769079e-07   6.18428838806656221e-24   4.00315162324059653e-107
7.58485839717787869e+00   9.80176457171274769e-50   2.17005606497973083e+11   7.08480098176792518e-08   8.23901230107759458e-25   2.07048776946658023e-109   2.53017071892840265e-07   1.43421806439522213e-24   2.07048776946658023e-109
7.67113765846343654e+00   2.21552573749286060e-50   2.17226233908069885e+11   3.28592868358037075e-08   1.82915584776143085e-25   9.62883754463222477e-112   1.19374840934630604e-07   3.22936847563380794e-25   9.62883754463222477e-112
7.75828404074081490e+00   4.85968567175121178e-51   2.17436539441249115e+11   1.50077213271910347e-08   3.94061514362080919e-26   4.02137323514096388e-114   5.54663184320370930e-08   7.05743729099232776e-26   4.02137323514096388e-114
7.84630625872086007e+00   1.03322199994996747e-51   2.17636649199598816e+11   6.74588883096751275e-09   8.22825908217988327e-27   1.50196554976814458e-116   2.53654603069076317e-08   1.49519194032761813e-26   1.50196554976814458e-116
7.93521311469872437e+00   2.12874768553167130e-52   2.17826645381643494e+11   2.98385480595046939e-09   1.66485364657402002e-27   5.01239946380490561e-119   1.14155404393688690e-08   3.07013605406829270e-27   5.01239946380490561e-119
8.02501349943409537e+00   4.24790165433670355e-53   2.18006429859550323e+11   1.29842249348596335e-09   3.26244891723952018e-28   1.49185251280507392e-121   5.05446024668651425e-09   6.10663708862669805e-28   1.49185251280507392e-121
8.11571639304027848e+00   8.20357717206906070e-54   2.18176284047325287e+11   5.55623885356528522e-10   6.18685532381622709e-29   3.94891482501820633e-124   2.20091921676626160e-09   1.17567703823704387e-28   3.94891482501820633e-124
8.20733086588221994e+00   1.53191503246239143e-54   2.18336293708418091e+11   2.33711847844328635e-10   1.13443174092710567e-29   9.26729030175272097e-127   9.42091031171708201e-10   2.18895951429085205e-29   9.26729030175272097e-127
8.29986607948355193e+00   2.76499838060352992e-55   2.18486497518064941e+11   9.66113778261402162e-11   2.01046704042682307e-30   1.92544821755110139e-129   3.96325263162691255e-10   3.93981612641904968e-30   1.92544821755110139e-129
8.39333128744274681e+00   4.81992053548516873e-56   2.18626886518471863e+11   3.92327142246902358e-11   3.44097545262690947e-31   3.53168285121953191e-132   1.63796728442489429e-10   6.84946618097968987e-31   3.53168285121953191e-132
8.48773583635848716e+00   8.10873051342302666e-57   2.18757696227187103e+11   1.56451725904217146e-11   5.68350370851220500e-32   5.70384564285107607e-135   6.64801501133255102e-11   1.14937501173839294e-31   5.70384564285107607e-135
8.58308916676433853e+00   1.31585969642118721e-57   2.18879012197324402e+11   6.12507161005259915e-12   9.05477950107204912e-33   8.09634410808225843e-138   2.64909389924055123e-11   1.86065161627767712e-32   8.09634410808225843e-138
8.67940081407279784e+00   2.05714860491977279e-58   2.18990830201508362e+11   2.35267739036221308e-12   1.38969804733092619e-33   1.00551766861444782e-140   1.03572477769373431e-11   2.90215000318030577e-33   1.00551766861444782e-140
8.77668040952885953e+00   3.09788585068609041e-59   2.19093228814667969e+11   8.86559507903404321e-13   2.05443054832957001e-34   1.09213618644358219e-143   3.97286393698207624e-12   4.36082703681810492e-34   1.09213618644358219e-143
8.87493768117313486e+00   4.48917074658281284e-60   2.19186397895980743e+11   3.27583651645716360e-13   2.92245515127355328e-35   1.03362200079201123e-146   1.49434294683499994e-12   6.30619499513413869e-35   1.03362200079201123e-146
8.97418245481467025e+00   6.25554154115581662e-61   2.19270422621506927e+11   1.18645651190024335e-13   3.99749228212662755e-36   8.50276109063758945e-150   5.50972178839198029e-13   8.77022109017318014e-36   8.50276109063758945e-150
9.07442465501353190e+00   8.37281057238885681e-62   2.19345256388325714e+11   4.20965245127929221e-14   5.25193366427925810e-37   6.05494922147563089e-153   1.99017897413828341e-13   1.17166988125352494e-36   6.05494922147563089e-153
9.17567430607327950e+00   1.07606028324492913e-62   2.19411063567483002e+11   1.46295749710420370e-14   6.62516549323988233e-38   3.72807871280391331e-156   7.04144114305012194e-14   1.50314626118973929e-37   3.72807871280391331e-156
9.27794153304338920e+00   1.32620547031162191e-63   2.19467988810499878e+11   4.97654041893020692e-15   8.01436241299205274e-39   1.97564284375416652e-159   2.43870011022722802e-14   1.84946507256915815e-38   1.97564284375416652e-159
9.38123656273178419e+00   1.56704235745332478e-64   2.19516116656181793e+11   1.65683046310379873e-15   9.29449242515421615e-40   9.00284034074051326e-163   8.26655146376417438e-15   2.18184974442032478e-39   9.00284034074051326e-163
9.48556972472750992e+00   1.77272493647122482e-65   2.19555358990396088e+11   5.39478323765099634e-16   1.03195325472412308e-40   3.51014487893580174e-166   2.74063800762301799e-15   2.46450456479700209e-40   3.51014487893580174e-166
9.59095145243371228e+00   1.91842179910911670e-66   2.19585964116629883e+11   1.71727097499868321e-16   1.09603573691581318e-41   1.16760558288345398e-169   8.88307000775858880e-16   2.66323886157213795e-41   1.16760558288345398e-169
9.69739228411098253e+00   1.98484691486691699e-67   2.19608031314703644e+11   5.34244895015488937e-17   1.11290865320058456e-42   3.30640215258067125e-173   2.81400579265541104e-16   2.75170775649607813e-42   3.30640215258067125e-173
9.80490286393118637e+00   1.96127839756272581e-68   2.19621618491695343e+11   1.62348834302972436e-17   1.07922922379261953e-43   7.94119564786261371e-177   8.70779053451766988e-17   2.71552052272284590e-43   7.94119564786261371e-177
9.91349394304189779e+00   1.84900599485553717e-69   2.19626676631056549e+11   4.81659247113629366e-18   9.98492631965038422e-45   1.61175569149910707e-180   2.63079294687961280e-17   2.55692260050902741e-44   1.61175569149910707e-180
1.00231763806415231e+01   1.66133500423304522e-70   2.19623455159865143e+11   1.39436114288545136e-18   8.80413275422650192e-46   2.75372290499310271e-184   7.75575056715150132e-18   2.29470554237879322e-45   2.75372290499310271e-184
