0.00000000000000000e+00   3.61903506499999993e-07   1.67586890725742332e+00   1.00000000000000000e+00   9.67893860894855784e+00   5.40912387855188026e-01   2.44628438727409673e+02
1.00501670841679491e-02   3.65799181501418782e-07   1.67604580120288316e+00   1.00459153270259605e+00   9.56639235173330782e+00   5.39962724115095383e-01   2.43061873513114449e+02
2.02013400267557763e-02   3.65986331501421947e-07   1.67623800657584487e+00   1.00914414105361017e+00   9.45731607015966347e+00   5.39036076499499361e-01   2.41531844216939476e+02
3.04545339535169379e-02   3.69832756502804967e-07   1.67642386490660456e+00   1.01365712586924905e+00   9.35103737780739053e+00   5.38128297565903413e-01   2.40028214194989744e+02
4.08107741923882106e-02   3.70197206502817335e-07   1.67661394491800264e+00   1.01812974695196767e+00   9.24777353132344082e+00   5.37232177769207730e-01   2.38567415650751940e+02
5.12710963760241167e-02   3.74004231504172151e-07   1.67680071374342066e+00   1.02256134215025374e+00   9.14724338224356792e+00   5.36348022451723971e-01   2.37142926389055305e+02
6.18365465453596386e-02   3.74536131504198332e-07   1.67698057215571161e+00   1.02695123086349116e+00   9.04928258023789489e+00   5.35489478079597458e-01   2.35733506438785156e+02
7.25081812542163195e-02   3.78308681505528835e-07   1.67715098255287076e+00   1.03129877477402920e+00   8.95376769492081692e+00   5.34645302108019083e-01   2.34351937607437350e+02
8.32870676749586369e-02   3.79012956505574994e-07   1.67733521175409317e+00   1.03560334743648341e+00   8.86120684165827299e+00   5.33809300767527861e-01   2.33020675166213692e+02
9.41742837052104154e-02   3.82755956506884648e-07   1.67750350026348416e+00   1.03986434630950564e+00   8.77078263192682428e+00   5.32987703986876116e-01   2.31711062857668423e+02
1.05170918075647490e-01   3.83622756506954442e-07   1.67767291425225729e+00   1.04408117822715107e+00   8.68286573848513754e+00   5.32181028997091965e-01   2.30433125386285667e+02
1.16278070458871285e-01   3.87355906508257165e-07   1.67785263608568336e+00   1.04825330325020349e+00   8.59760003877838130e+00   5.31386871777075442e-01   2.29194803668550719e+02
1.27496851579375736e-01   3.88375381508353825e-07   1.67802018303156308e+00   1.05238015884317471e+00   8.51437932750699744e+00   5.30600967419292191e-01   2.27986364648139840e+02
1.38828383324621774e-01   3.92098681509649564e-07   1.67818360408334999e+00   1.05646123541437054e+00   8.43336392534857104e+00   5.29826567555293559e-01   2.26808662764942341e+02
1.50273798857227137e-01   3.93270831509777539e-07   1.67834282493918163e+00   1.06049603282234273e+00   8.35445793916212409e+00   5.29065680481518474e-01   2.25657356663104480e+02
1.61834242728283062e-01   3.96994131511073277e-07   1.67850407156773285e+00   1.06448408098780956e+00   8.27779825745846765e+00   5.28316327773568073e-01   2.24539489239359426e+02
1.73510870991810284e-01   3.98318956511236642e-07   1.67866616154919623e+00   1.06842493122790527e+00   8.20325494115535392e+00   5.27577411246743733e-01   2.23453737221998892e+02
1.85304851320365449e-01   4.02042256512532380e-07   1.67881763301128206e+00   1.07231815184602253e+00   8.13054505528318572e+00   5.26852218549170637e-01   2.22388954212240947e+02
1.97217363121810152e-01   4.03519756512735742e-07   1.67897537668421726e+00   1.07616334650213785e+00   8.05996429833257366e+00   5.26140754013428080e-01   2.21353952359555421e+02
2.09249597657251485e-01   4.07252906514038465e-07   1.67912990569887421e+00   1.07996013210133768e+00   7.99126914101343466e+00   5.25441900621419933e-01   2.20344209954362555e+02
2.21402758160169855e-01   4.08873231514283203e-07   1.67927489777312977e+00   1.08370816003086756e+00   7.92429761033006308e+00   5.24759820750499539e-01   2.19350709771957355e+02
2.33678059956743178e-01   4.12626081515599789e-07   1.67942584383121774e+00   1.08740710592952761e+00   7.85929505683768603e+00   5.24094760661296899e-01   2.18380638039643543e+02
2.46076730587380776e-01   4.14389231515889556e-07   1.67957210732331075e+00   1.09105664728948226e+00   7.79600692971146358e+00   5.23443774003896301e-01   2.17431314874847743e+02
2.58600009929478070e-01   4.18166706517223524e-07   1.67972262700521813e+00   1.09465662062073066e+00   7.73454924229464869e+00   5.22807857275351950e-01   2.16505374746171441e+02
2.71249150321404731e-01   4.20067756517560412e-07   1.67986003273467221e+00   1.09820669155604800e+00   7.67458033261055927e+00   5.22196357925101551e-01   2.15582305560038265e+02
2.84025416687741394e-01   4.23874781518915229e-07   1.68000082463709699e+00   1.10170669603703653e+00   7.61634371503135643e+00   5.21600351969223164e-01   2.14680648695027031e+02
2.96930086665771809e-01   4.25913731519303156e-07   1.68013316255392620e+00   1.10515649325197285e+00   7.55957328978610033e+00   5.21019618772972981e-01   2.13793768634976942e+02
3.09964450733247521e-01   4.29755231520682604e-07   1.68026866529215901e+00   1.10855591396114828e+00   7.50445376027165079e+00   5.20456199516952434e-01   2.12924932895348945e+02
3.23129812337437095e-01   4.31932081521125012e-07   1.68039864084040125e+00   1.11190486576400405e+00   7.45078118783150778e+00   5.19919184953777092e-01   2.12057809653896925e+02
3.36427488025472288e-01   4.35812981522533087e-07   1.68053134941366045e+00   1.11520330144413204e+00   7.39866773292264046e+00   5.19393397660323886e-01   2.11214748848185991e+02
3.49858807576003183e-01   4.38127731523033416e-07   1.68066066302473915e+00   1.11845117898785373e+00   7.34794783388452277e+00   5.18884321943432369e-01   2.10384824287054101e+02
3.63425114132177818e-01   4.42048031524470064e-07   1.68078335923388233e+00   1.12164850222444334e+00   7.29854598369575314e+00   5.18395251168680238e-01   2.09562367664241378e+02
3.77127764335957183e-01   4.44505606525034005e-07   1.68091394560337859e+00   1.12479532465775511e+00   7.25066449595623030e+00   5.17924180174029636e-01   2.08756131064770386e+02
3.90968128463780484e-01   4.48470231526503381e-07   1.68103842305899231e+00   1.12789171255633258e+00   7.20403141474834996e+00   5.17464138659980311e-01   2.07967186432138874e+02
4.04947590563593973e-01   4.51060781527130141e-07   1.68115412292932720e+00   1.13093776537858703e+00   7.15858291876199715e+00   5.17020043164403531e-01   2.07188149906086210e+02
4.19067548593257566e-01   4.55079581528640024e-07   1.68127560737041759e+00   1.13393364424004250e+00   7.11448620463174208e+00   5.16594957162865520e-01   2.06420604565198829e+02
4.33329414560340576e-01   4.57803106529333045e-07   1.68138867571874195e+00   1.13687950926498127e+00   7.07151441073260045e+00   5.16181276040796111e-01   2.05667505857609711e+02
4.47734614663324759e-01   4.61876081530883857e-07   1.68149844346058686e+00   1.13977556371304289e+00   7.02969754912453748e+00   5.15778653228872730e-01   2.04930471780613914e+02
4.62284589434224902e-01   4.64737506531648988e-07   1.68161137671630945e+00   1.14262204075110718e+00   6.98910393493768911e+00   5.15388318067891427e-01   2.04210363684529739e+02
4.76980793882642917e-01   4.68869581533245255e-07   1.68172227433147459e+00   1.14541920408718223e+00   6.94962106013175962e+00   5.15012956500283225e-01   2.03501048384045788e+02
4.91824697641270570e-01   4.71863981534083211e-07   1.68182890295018517e+00   1.14816732915901309e+00   6.91118804037803081e+00   5.14645732138708234e-01   2.02809163595545868e+02
5.06817785112853691e-01   4.76060081535729299e-07   1.68193476003621312e+00   1.15086670605992958e+00   6.87383805445720775e+00   5.14287840263293883e-01   2.02134534764348672e+02
5.21961555618634110e-01   4.79187456536642834e-07   1.68203698772013510e+00   1.15351771122887392e+00   6.83747763992560476e+00   5.13940402575237099e-01   2.01473360016330787e+02
5.37257523548281712e-01   4.83452506538344167e-07   1.68214123964464179e+00   1.15612076317344914e+00   6.80216287381142681e+00   5.13602539984495787e-01   2.00828585530348818e+02
5.52707218511336418e-01   4.86712856539337938e-07   1.68224123671004078e+00   1.15867612454314894e+00   6.76778363896528923e+00   5.13272010046836091e-01   2.00199833588358047e+02
5.68312185490169153e-01   4.91046856541093723e-07   1.68233632577641301e+00   1.16118425162995109e+00   6.73430786157223427e+00   5.12948254652118019e-01   1.99587017539198484e+02
5.84073984994482043e-01   4.94440181542170060e-07   1.68242908292013515e+00   1.16364550925317167e+00   6.70173544999396142e+00   5.12633168011319529e-01   1.98988127365273726e+02
5.99994193217360472e-01   4.98852981543991357e-07   1.68252815814602918e+00   1.16606035150746679e+00   6.67016870096084880e+00   5.12325100092577479e-01   1.98408333243869151e+02
6.16074402192893666e-01   5.02374356545150819e-07   1.68261465751232220e+00   1.16842922917064929e+00   6.63931971915409402e+00   5.12023272528356443e-01   1.97840167504861284e+02
6.32316219955379344e-01   5.06870881547041834e-07   1.68271070192279026e+00   1.17075255218559660e+00   6.60945667868426057e+00   5.11727061461209609e-01   1.97292510476774765e+02
6.48721270700128416e-01   5.10520306548286220e-07   1.68279356871025221e+00   1.17303087166660069e+00   6.58025907605647031e+00   5.11437773778059435e-01   1.96754457972014563e+02
6.65291194945886843e-01   5.15100556550247801e-07   1.68288129870032921e+00   1.17526459069333522e+00   6.55193916849265268e+00   5.11154950977798839e-01   1.96233040444562477e+02
6.82027649698886851e-01   5.18882956551585765e-07   1.68296436116005865e+00   1.17745422167516445e+00   6.52435601548059996e+00   5.10877505419477518e-01   1.95725450271380311e+02
6.98932308618551046e-01   5.23551856553624873e-07   1.68305401266500243e+00   1.17960026325628409e+00   6.49763040102886258e+00   5.10605432699827610e-01   1.95235460730078302e+02
7.16006862184858761e-01   5.27462306555054430e-07   1.68312902103148598e+00   1.18170322600909738e+00   6.47147190348311607e+00   5.10339442919744757e-01   1.94753672358616456e+02
7.33253017867395718e-01   5.32224781557175377e-07   1.68321409064274108e+00   1.18376363079618518e+00   6.44616835878955818e+00   5.10079449019948949e-01   1.94288974786045827e+02
7.50672500296101441e-01   5.36711456559058190e-07   1.68328897574573944e+00   1.18578200397569256e+00   6.42143838784035559e+00   5.09825621739542045e-01   1.93832830928251866e+02
7.68267051433735526e-01   5.41134106560887689e-07   1.68336926530642894e+00   1.18775887996849483e+00   6.39748233617205386e+00   5.09576048419585259e-01   1.93393586154482961e+02
7.86038430750074069e-01   5.45724206562857790e-07   1.68343742384132011e+00   1.18969480651752901e+00   6.37404194705771587e+00   5.09332488744972611e-01   1.92961546187462233e+02
8.03988415397857370e-01   5.50269981564789817e-07   1.68351207013382376e+00   1.19159033573511675e+00   6.35133334759195556e+00   5.09094975438381558e-01   1.92543324519510065e+02
8.22118800390509552e-01   5.54973356566859009e-07   1.68358590375824257e+00   1.19344602539880129e+00   6.32925203189214436e+00   5.08862955135258588e-01   1.92136499432129511e+02
8.40431398781638084e-01   5.59637331568893804e-07   1.68365592080106596e+00   1.19526244380894253e+00   6.30774261927207824e+00   5.08635049169180564e-01   1.91741051787098769e+02
8.58928041846342527e-01   5.64453981571063357e-07   1.68372188282090351e+00   1.19704016509134981e+00   6.28678483261630650e+00   5.08412802872185599e-01   1.91354708380557980e+02
8.77610579264344048e-01   5.69241081573205762e-07   1.68378899835556517e+00   1.19877975525935643e+00   6.26642882323221695e+00   5.08196227467889838e-01   1.90979077882403260e+02
8.96480879304952127e-01   5.74175931575483694e-07   1.68385644926130951e+00   1.20048180187629927e+00   6.24664520686533731e+00   5.07983762108758508e-01   1.90615117359511032e+02
9.15540829013896884e-01   5.79086156577739003e-07   1.68392231718133378e+00   1.20214688835852535e+00   6.22739583759107518e+00   5.07775741447350382e-01   1.90261368603476342e+02
9.34792334402032132e-01   5.84134281580122273e-07   1.68397838363954966e+00   1.20377560404847594e+00   6.20856540786546418e+00   5.07572918699457420e-01   1.89913538073063364e+02
9.54237320635940023e-01   5.89177481582500806e-07   1.68404458618097230e+00   1.20536852619904722e+00   6.19038627536996167e+00   5.07374474526663732e-01   1.89579728608115204e+02
9.73877732230448379e-01   5.94343806584997431e-07   1.68410501127425438e+00   1.20692624901275369e+00   6.17264020940106217e+00   5.07179233933351514e-01   1.89254652527523234e+02
9.93715533243083149e-01   5.99510131587494057e-07   1.68415893145409412e+00   1.20844935230512607e+00   6.15531525590542472e+00   5.06988945306620420e-01   1.88936046256002385e+02
1.01375270747047752e+00   6.04804506590115840e-07   1.68421795525176732e+00   1.20993842954185693e+00   6.13853362001123237e+00   5.06802518279815484e-01   1.88628945748731667e+02
1.03399125864675145e+00   6.10098881592737623e-07   1.68427506917376557e+00   1.21139404341771595e+00   6.12219888593978201e+00   5.06619699682437252e-01   1.88330736993261667e+02
1.05443321064388851e+00   6.15516381595482793e-07   1.68432665752317101e+00   1.21281678956738048e+00   6.10625670111165419e+00   5.06440362452757142e-01   1.88039945302828784e+02
1.07508060767412372e+00   6.20943731598237753e-07   1.68438124137082657e+00   1.21420723110869511e+00   6.09078864495722172e+00   5.06265722610195534e-01   1.87757783200846063e+02
1.09593551449436566e+00   6.26489281601114539e-07   1.68443381304722140e+00   1.21556595376808096e+00   6.07573489946319789e+00   5.06093809052453047e-01   1.87484657353789601e+02
1.11700001661267567e+00   6.32049606604006700e-07   1.68448620055784493e+00   1.21689352033614751e+00   6.06109805460481343e+00   5.05925252802166714e-01   1.87219994944527457e+02
1.13827622049681976e+00   6.37723206607017114e-07   1.68453426598395728e+00   1.21819047383334556e+00   6.04682003032513826e+00   5.05760655478572851e-01   1.86961382273699485e+02
1.15976625378491605e+00   6.43416506610048062e-07   1.68457864000077451e+00   1.21945736353498280e+00   6.03290115021108342e+00   5.05600034518564501e-01   1.86708855144453793e+02
1.18147226549820195e+00   6.49228006613207507e-07   1.68462984529661552e+00   1.22069477040181407e+00   6.01944034780159765e+00   5.05442290877550438e-01   1.86466738834382227e+02
1.20339642625593779e+00   6.55054281616382961e-07   1.68467387585381179e+00   1.22190321137786539e+00   6.00628357128839419e+00   5.05287494575199059e-01   1.86230227537323401e+02
1.22554092849246876e+00   6.61003681619693448e-07   1.68472164555545856e+00   1.22308324981835614e+00   5.99353072533405129e+00   5.05136916300473415e-01   1.86001052335290240e+02
1.24790798667647218e+00   6.66962931623014996e-07   1.68475989417971328e+00   1.22423540119101060e+00   5.98103155403754805e+00   5.04989676871192672e-01   1.85775562175015267e+02
1.27049983753240703e+00   6.73055156626486662e-07   1.68480422607481750e+00   1.22536019193442525e+00   5.96895344141783202e+00   5.04845494751099522e-01   1.85559300968993711e+02
1.29331874026418392e+00   6.79157231629969494e-07   1.68484938154958419e+00   1.22645815235002154e+00   5.95721910827780032e+00   5.04704491687457901e-01   1.85349771837114986e+02
1.31636697678109282e+00   6.85382431633594664e-07   1.68488522593834822e+00   1.22752978551218739e+00   5.94571280481044884e+00   5.04567575662807855e-01   1.85142405975753462e+02
1.33964685192599209e+00   6.91632256637248599e-07   1.68492513424556067e+00   1.22857560395077625e+00   5.93457542819919226e+00   5.04433542821396852e-01   1.84942946397521723e+02
1.36316069370579607e+00   6.98000281641040983e-07   1.68496510292014379e+00   1.22959612434301979e+00   5.92375027255706232e+00   5.04302563160052175e-01   1.84749472264277244e+02
1.38691085352427779e+00   7.04397856644868986e-07   1.68500583902654566e+00   1.23059183028019103e+00   5.91323949095663171e+00   5.04174985716876467e-01   1.84561697512350207e+02
1.41089970641721107e+00   7.10903781648828505e-07   1.68503744434278135e+00   1.23156322708237576e+00   5.90292371157363682e+00   5.04051002378196888e-01   1.84375713355245324e+02
1.43512965128987569e+00   7.17454031652841770e-07   1.68507362709575470e+00   1.23251080238878363e+00   5.89294973892728446e+00   5.03930181482970752e-01   1.84196603770924412e+02
1.45960311115695118e+00   7.24107706656982875e-07   1.68510908378307422e+00   1.23343499652380029e+00   5.88325070970191799e+00   5.03811941717554279e-01   1.84022944502708100e+02
1.48432253338481779e+00   7.30810631661185849e-07   1.68514556479837596e+00   1.23433630873547595e+00   5.87384107386448573e+00   5.03697176032033123e-01   1.83854233747292795e+02
1.50929038993629927e+00   7.37612056665512456e-07   1.68517821377110333e+00   1.23521522747142365e+00   5.86465457835074666e+00   5.03585668180714707e-01   1.83688659025428166e+02
1.53450917761785588e+00   7.44467656669908421e-07   1.68520958248280905e+00   1.23607219289616710e+00   5.85571641673688426e+00   5.03477091975585878e-01   1.83527387451712997e+02
1.55998141832927306e+00   7.51421756674432255e-07   1.68524028819315830e+00   1.23690768515063820e+00   5.84702067263959346e+00   5.03371224885620361e-01   1.83370497791353728e+02
1.58570965931584773e+00   7.58434956679032724e-07   1.68527199044873743e+00   1.23772214339804809e+00   5.83858776298578075e+00   5.03268512267866619e-01   1.83218164116950845e+02
1.61169647342311917e+00   7.65541731683756961e-07   1.68529876002319945e+00   1.23851599285344061e+00   5.83034452916174750e+00   5.03168896175788971e-01   1.83068173878042700e+02
1.63794445935415434e+00   7.72717456688573660e-07   1.68532657883331427e+00   1.23928967156835435e+00   5.82238059586024370e+00   5.03071756024030980e-01   1.82924036424233435e+02
1.66445624192941866e+00   7.79981831693509177e-07   1.68535574373420705e+00   1.24004364310893211e+00   5.81462519330993644e+00   5.02977348570668781e-01   1.82783266983649469e+02
1.69123447234926427e+00   7.87315156698539697e-07   1.68538039347080204e+00   1.24077832286595835e+00   5.80704563373983351e+00   5.02885866598821174e-01   1.82644643435858654e+02
1.71828182845904731e+00   7.94746981703706343e-07   1.68541066842867826e+00   1.24149414456943696e+00   5.79974272038849303e+00   5.02797190877219746e-01   1.82511482135688084e+02
1.74560101501691856e+00   8.02237906708954708e-07   1.68543354659479561e+00   1.24219151818124596e+00   5.79256770439354973e+00   5.02710679842837238e-01   1.82379816670828433e+02
1.77319476396429998e+00   8.09837181714357143e-07   1.68545887898187408e+00   1.24287084512598223e+00   5.78563134215111763e+00   5.02626790431501047e-01   1.82252648857008722e+02
1.80106583469908132e+00   8.17495556719843837e-07   1.68548439569006869e+00   1.24353252600255715e+00   5.77889454109475054e+00   5.02545614111130412e-01   1.82128662859347884e+02
1.82921701435156159e+00   8.25267206725493785e-07   1.68551449817702448e+00   1.24417696231578834e+00   5.77236471695496078e+00   5.02466782663838152e-01   1.82008506221838246e+02
1.85765111806316563e+00   8.33088106731215978e-07   1.68553611107260970e+00   1.24480454618899805e+00   5.76597264338954663e+00   5.02390084068590093e-01   1.81890238375434308e+02
1.88637098926796032e+00   8.41032131737118943e-07   1.68555975358914045e+00   1.24541567475333315e+00   5.75978740471531303e+00   5.02315739892400970e-01   1.81775808343503826e+02
1.91537949997699863e+00   8.49025406743095848e-07   1.68558141078435364e+00   1.24601071380251294e+00   5.75376233098982404e+00   5.02243939980331899e-01   1.81663548876347193e+02
1.94467955106552592e+00   8.57141806749258608e-07   1.68560260441238441e+00   1.24659002864438340e+00   5.74790323274305770e+00   5.02174035693177867e-01   1.81554357354403578e+02
1.97427407256306786e+00   8.65312381755503221e-07   1.68562390996647871e+00   1.24715399036175589e+00   5.74221901364576670e+00   5.02106175695753998e-01   1.81448363270884897e+02
2.00416602394643517e+00   8.73606081761938559e-07   1.68564596452221283e+00   1.24770296100151779e+00   5.73670974973737202e+00   5.02040510822629238e-01   1.81345415190908255e+02
2.03435839443567756e+00   8.81953956768457972e-07   1.68566510011435033e+00   1.24823730270513855e+00   5.73133113518907944e+00   5.01977020719962641e-01   1.81244143603932400e+02
2.06485420329300418e+00   8.90424956775171182e-07   1.68568189026166260e+00   1.24875736368737789e+00   5.72608447828192535e+00   5.01915169421376151e-01   1.81145177880139613e+02
2.09565650012471405e+00   8.98959981781986516e-07   1.68570261633381957e+00   1.24926349556371186e+00   5.72103141005962712e+00   5.01855223841007447e-01   1.81050186357415726e+02
2.12676836518615842e+00   9.07613206788991122e-07   1.68572251328117861e+00   1.24975599713412566e+00   5.71612056149551151e+00   5.01797327696810291e-01   1.80957396371286990e+02
2.15819290968977029e+00   9.16330456796100605e-07   1.68573828089735023e+00   1.25023522906588402e+00   5.71131156931407080e+00   5.01741176746330564e-01   1.80865865975013662e+02
2.18993327611618716e+00   9.25170831803411613e-07   1.68575464621611770e+00   1.25070149601013902e+00   5.70664937900391056e+00   5.01686593024382010e-01   1.80777216775122980e+02
2.22199263852850271e+00   9.34080156810837529e-07   1.68577327003892097e+00   1.25115512560425368e+00   5.70214820117155163e+00   5.01633718391980898e-01   1.80691752227911280e+02
2.25437420288967383e+00   9.43107681818461928e-07   1.68578947796596079e+00   1.25159644172652462e+00   5.69775460282904245e+00   5.01582719125491239e-01   1.80607605826109335e+02
2.28708120738312104e+00   9.52209081826211054e-07   1.68580483149924509e+00   1.25202573636998649e+00   5.69348329548250565e+00   5.01533101309958207e-01   1.80525782675196524e+02
2.32011692273654990e+00   9.61428681834163744e-07   1.68581869706319210e+00   1.25244331279339316e+00   5.68932255066149661e+00   5.01484976118532155e-01   1.80445795780148131e+02
2.35348465254902672e+00   9.70732006842260057e-07   1.68583739013585232e+00   1.25284946876808889e+00   5.68533444256726206e+00   5.01438430456885520e-01   1.80369525362481994e+02
2.38718773362133785e+00   9.80143681850547604e-07   1.68585166485197058e+00   1.25324447807277273e+00   5.68142032932090313e+00   5.01393444803262645e-01   1.80293868417555927e+02
2.42122953628967652e+00   9.89644006858991556e-07   1.68586379007725728e+00   1.25362862765125516e+00   5.67760046125516205e+00   5.01349665292545765e-01   1.80219852878759951e+02
2.45561346476267861e+00   9.99257606867635184e-07   1.68587655601372965e+00   1.25400220398335516e+00   5.67390047198388814e+00   5.01307253875967196e-01   1.80148121613589865e+02
2.49034295746184409e+00   1.00896478187644853e-06   1.68589210802718381e+00   1.25436548203986065e+00   5.67033844492839911e+00   5.01266306979440190e-01   1.80079149255989023e+02
2.52542148736538552e+00   1.01878030688546222e-06   1.68590533729745129e+00   1.25471871977857763e+00   5.66686060634680189e+00   5.01226594605516884e-01   1.80011480081668253e+02
2.56085256235552405e+00   1.02869433189465787e-06   1.68591853763664679e+00   1.25506216836056717e+00   5.66348532400268301e+00   5.01188018756916209e-01   1.79945806314062878e+02
2.59663972556928480e+00   1.03871670690405387e-06   1.68593048034959403e+00   1.25539608241774592e+00   5.66019892983493822e+00   5.01150671843552220e-01   1.79881597369216991e+02
2.63278655575281295e+00   1.04884250691364282e-06   1.68594295423917906e+00   1.25572071049391010e+00   5.65701546024147373e+00   5.01114640578751880e-01   1.79819209072319580e+02
2.66929666761924755e+00   1.05907665692344122e-06   1.68595462997236623e+00   1.25603628994883065e+00   5.65392046938181458e+00   5.01079594215379065e-01   1.79758541368133280e+02
2.70617371221020209e+00   1.06941423193343956e-06   1.68596430730912261e+00   1.25634308528026795e+00   5.65089687670862428e+00   5.01045618066777831e-01   1.79698961908849213e+02
2.74342137726086621e+00   1.07986508194365706e-06   1.68597437836504982e+00   1.25664130250730754e+00   5.64796841185647924e+00   5.01012771574712801e-01   1.79641163791688740e+02
2.78104338756878455e+00   1.09042428195408400e-06   1.68598681599392464e+00   1.25693116685362938e+00   5.64515088233969387e+00   5.00981002448302570e-01   1.79585708832510420e+02
2.81904350536633919e+00   1.10109183196472949e-06   1.68599571221471667e+00   1.25721290213143089e+00   5.64238348168219872e+00   5.00950103429195881e-01   1.79530887965304373e+02
2.85742553069697847e+00   1.11187758197561360e-06   1.68600801994321836e+00   1.25748672646584181e+00   5.63973301807693161e+00   5.00920169413889504e-01   1.79478726849472963e+02
2.89619330179521883e+00   1.12276675698670632e-06   1.68601767656208823e+00   1.25775285576022333e+00   5.63713676697840871e+00   5.00891276560111343e-01   1.79427149862551573e+02
2.93535069547047689e+00   1.13377413199803766e-06   1.68602414010091595e+00   1.25801149277138768e+00   5.63458538232712680e+00   5.00863247982111681e-01   1.79376051179908615e+02
2.97490162749475262e+00   1.14489970700961757e-06   1.68603574997388539e+00   1.25826283704396369e+00   5.63216313924774958e+00   5.00836022712011997e-01   1.79328180961813501e+02
3.01485005299420550e+00   1.15613363202142534e-06   1.68604361974783212e+00   1.25850709051985543e+00   5.62977640013412284e+00   5.00809673963774848e-01   1.79280481240745985e+02
3.05519996684467898e+00   1.16749560703350237e-06   1.68605431531536976e+00   1.25874443803246661e+00   5.62749025187555763e+00   5.00784237171740143e-01   1.79234988113179696e+02
3.09595540407118008e+00   1.17896100704579734e-06   1.68606201035335146e+00   1.25897506807177972e+00   5.62524342847939884e+00   5.00759495663490206e-01   1.79189984631916786e+02
3.13712044025139658e+00   1.19055938205838315e-06   1.68606923422579569e+00   1.25919916635216711e+00   5.62305972172998025e+00   5.00735514160586259e-01   1.79146160322510838e+02
3.17869919192325057e+00   1.20226610707120592e-06   1.68607679424628065e+00   1.25941691728545591e+00   5.62094519500644818e+00   5.00712330005729345e-01   1.79103669657522914e+02
3.22069581699655672e+00   1.21410580708431974e-06   1.68608408708459301e+00   1.25962848632675106e+00   5.61889184799476737e+00   5.00689896500335241e-01   1.79062309190836174e+02
3.26311451516882212e+00   1.22605878209768469e-06   1.68609256823751186e+00   1.25983404163877921e+00   5.61691282829928085e+00   5.00668074649926020e-01   1.79022648295309750e+02
3.30595952834521079e+00   1.23814473211135170e-06   1.68610120838880961e+00   1.26003374973760218e+00   5.61499589655096720e+00   5.00646939997554052e-01   1.78984217082067943e+02
3.34923514106274567e+00   1.25034395712527619e-06   1.68610746326948857e+00   1.26022777026783261e+00   5.61311356031852160e+00   5.00626535679210893e-01   1.78946093966018623e+02
3.39294568091876148e+00   1.26268108213951393e-06   1.68611349812770261e+00   1.26041626675707974e+00   5.61128577273644868e+00   5.00606728066489537e-01   1.78909059204708882e+02
3.43709551900366961e+00   1.27513640715402776e-06   1.68612101188751762e+00   1.26059938981888142e+00   5.60952832631865661e+00   5.00587494870530003e-01   1.78873641212591480e+02
3.48168907033806985e+00   1.28772470716885509e-06   1.68612542081647510e+00   1.26077728587734383e+00   5.60779317020539736e+00   5.00568882794338532e-01   1.78838258609387424e+02
3.52673079431425762e+00   1.30044598218399568e-06   1.68613482734520748e+00   1.26095009989663476e+00   5.60616112078973305e+00   5.00550903470526221e-01   1.78805477080835516e+02
3.57222519514216419e+00   1.31329038219942865e-06   1.68614047522044119e+00   1.26111797407741677e+00   5.60454159390857765e+00   5.00533407909534711e-01   1.78772568195689360e+02
3.61817682229978566e+00   1.32627268221519837e-06   1.68614439117754800e+00   1.26128104688076004e+00   5.60295391326302195e+00   5.00516455043504394e-01   1.78740085620139240e+02
3.66459027098813106e+00   1.33938795723129260e-06   1.68615149245498941e+00   1.26143945495262821e+00   5.60144559961451094e+00   5.00500062766725429e-01   1.78709526863034426e+02
3.71147018259074635e+00   1.35263620724771153e-06   1.68615700537535629e+00   1.26159332724294537e+00   5.59996852744758211e+00   5.00484192576512665e-01   1.78679398605342982e+02
3.75882124513785953e+00   1.36602235726447675e-06   1.68616236143909193e+00   1.26174279169509429e+00   5.59853464521376676e+00   5.00468754232302859e-01   1.78650179275028762e+02
3.80664819377518437e+00   1.37954640728159036e-06   1.68616849714324624e+00   1.26188797091162308e+00   5.59715246902310160e+00   5.00453803172557166e-01   1.78622081851164580e+02
3.85495581123743936e+00   1.39320835729905238e-06   1.68617408496198440e+00   1.26202898826086263e+00   5.59580675271156736e+00   5.00439364810826848e-01   1.78594593173839286e+02
3.90374892832662823e+00   1.40700820731686915e-06   1.68617784652523239e+00   1.26216595954844224e+00   5.59448483793601259e+00   5.00425340354186399e-01   1.78567415472528438e+02
3.95303242439512115e+00   1.42095088233505886e-06   1.68618120187476173e+00   1.26229900098916858e+00   5.59319857780695262e+00   5.00411724443948214e-01   1.78540933202745492e+02
4.00281122783359322e+00   1.43504130735363418e-06   1.68618790797744755e+00   1.26242822280925493e+00   5.59198496554075941e+00   5.00398545639552550e-01   1.78516297192484416e+02
4.05309031656387386e+00   1.44926470737256048e-06   1.68619035294025288e+00   1.26255373306817931e+00   5.59076591406769730e+00   5.00385817060733706e-01   1.78491001096779343e+02
4.10387471853673169e+00   1.46365063239192503e-06   1.68619618956828865e+00   1.26267563750358924e+00   5.58961825952626867e+00   5.00373415840670077e-01   1.78467629765482798e+02
4.15516951223468745e+00   1.47816460741163464e-06   1.68620078209332669e+00   1.26279403895989373e+00   5.58849343764824802e+00   5.00361402446862003e-01   1.78444568431952661e+02
4.20697982717985486e+00   1.49284603243180028e-06   1.68620538425385980e+00   1.26290903770260310e+00   5.58740329485064535e+00   5.00349788910651627e-01   1.78422182804043075e+02
4.25931084444690544e+00   1.50765550745232200e-06   1.68620767978740238e+00   1.26302073119442371e+00   5.58632332800678810e+00   5.00338538946280331e-01   1.78399729548336978e+02
4.31216779718117316e+00   1.52264228247333673e-06   1.68621228614580132e+00   1.26312921200848893e+00   5.58529962349821130e+00   5.00327590245863485e-01   1.78378747362170174e+02
4.36555597112198157e+00   1.53775710749471030e-06   1.68621735242281345e+00   1.26323457530748451e+00   5.58431202336225141e+00   5.00316988957259734e-01   1.78358543507918313e+02
4.41948070513121305e+00   1.55304430751657776e-06   1.68621904419876700e+00   1.26333690901198614e+00   5.58332132794684721e+00   5.00306752542222677e-01   1.78337847551513590e+02
4.47394739172720701e+00   1.56847433253885457e-06   1.68621904864444705e+00   1.26343630011762409e+00   5.58238140288002516e+00   5.00296799244572488e-01   1.78318467639491615e+02
4.52896147762401124e+00   1.58407673256163100e-06   1.68622415770302414e+00   1.26353283266751903e+00   5.58148110936539776e+00   5.00287135112892134e-01   1.78300041847328970e+02
4.58452846427606087e+00   1.59982195758482886e-06   1.68622794596527581e+00   1.26362658919509308e+00   5.58059916247447863e+00   5.00277785461027746e-01   1.78281863425931732e+02
4.64065390842832848e+00   1.61573955760853523e-06   1.68622979369076664e+00   1.26371765033536487e+00   5.57972729021436908e+00   5.00268752696252261e-01   1.78263665706800168e+02
4.69734342267199878e+00   1.63180983263269896e-06   1.68623292214825238e+00   1.26380609376737740e+00   5.57889072746620851e+00   5.00259943730193335e-01   1.78246354589177315e+02
4.75460267600573872e+00   1.64805248265738581e-06   1.68623578772008331e+00   1.26389199506183370e+00   5.57807551965903503e+00   5.00251412968701348e-01   1.78229426284063180e+02
4.81243739440259688e+00   1.66445273268255097e-06   1.68623882049835605e+00   1.26397542777570626e+00   5.57728786415438282e+00   5.00243167432752323e-01   1.78213071488257214e+02
4.87085336138260860e+00   1.68103520770828112e-06   1.68624564227280360e+00   1.26405646225273616e+00   5.57652926122534165e+00   5.00235174036136709e-01   1.78197373700679492e+02
4.92985641859115464e+00   1.69776543273447205e-06   1.68624962098425568e+00   1.26413517062522907e+00   5.57580034717078199e+00   5.00227392548480809e-01   1.78182396437263378e+02
4.98945246638312145e+00   1.71468280776124891e-06   1.68625202705843469e+00   1.26421161893636858e+00   5.57507868684967445e+00   5.00219860099956448e-01   1.78167383223883292e+02
5.04964746441295453e+00   1.73175285778851490e-06   1.68625296110585876e+00   1.26428587202191034e+00   5.57436456795007196e+00   5.00212587362285244e-01   1.78152331939031626e+02
5.11044743223061904e+00   1.74901990781641208e-06   1.68625602296883903e+00   1.26435799423016126e+00   5.57369267991408446e+00   5.00205509041967700e-01   1.78138421125397883e+02
5.17185844988356092e+00   1.76643963284480474e-06   1.68625905030650824e+00   1.26442804710702350e+00   5.57304151382993584e+00   5.00198636878606107e-01   1.78124950987313866e+02
5.23388665852472545e+00   1.78405635787384532e-06   1.68626159027519651e+00   1.26449608986771889e+00   5.57240603443257143e+00   5.00191989874539833e-01   1.78111740404967890e+02
5.29653826102666514e+00   1.80183068290340423e-06   1.68626305853089598e+00   1.26456218335152526e+00   5.57177940014779249e+00   5.00185568196454100e-01   1.78098570617303096e+02
5.35981952260184080e+00   1.81981185793365864e-06   1.68626729984572510e+00   1.26462638403929395e+00   5.57119895823234490e+00   5.00179296966404840e-01   1.78086715507834725e+02
5.42373677142914357e+00   1.83794570796442823e-06   1.68626922504923527e+00   1.26468874703848644e+00   5.57061420608457514e+00   5.00173227002330245e-01   1.78074506586446063e+02
5.48829639928672020e+00   1.85629133299592061e-06   1.68627096950948130e+00   1.26474932484130687e+00   5.57004606248443324e+00   5.00167361709683012e-01   1.78062608966540637e+02
5.55350486219115869e+00   1.87479455802795779e-06   1.68627230163417186e+00   1.26480817181369076e+00   5.56949107448719172e+00   5.00161672609309438e-01   1.78050942767711149e+02
5.61936868104308740e+00   1.89351448306074611e-06   1.68627412353464656e+00   1.26486533759676800e+00   5.56895717964300641e+00   5.00156132561862421e-01   1.78039790809522913e+02
5.68589444227927920e+00   1.91239693309411033e-06   1.68627618095999154e+00   1.26492087145689180e+00   5.56844251739866802e+00   5.00150769982033339e-01   1.78029063357174806e+02
5.75308879853129618e+00   1.93149608312825215e-06   1.68627771951451866e+00   1.26497482079102319e+00   5.56793909429166511e+00   5.00145593704437452e-01   1.78018495497009411e+02
5.82095846929075922e+00   1.95076760816301937e-06   1.68628122298661820e+00   1.26502723171534792e+00   5.56747018806607930e+00   5.00140550874496714e-01   1.78008887987089793e+02
5.88951024158130387e+00   1.97025090819855491e-06   1.68628290640313883e+00   1.26507814926995676e+00   5.56699787779803490e+00   5.00135655666896217e-01   1.77999013329385264e+02
5.95875097063728276e+00   1.98991643323475137e-06   1.68628493139997260e+00   1.26512761572153143e+00   5.56654363850268918e+00   5.00130921784077920e-01   1.77989543567358197e+02
6.02868758058930343e+00   2.00979373327172334e-06   1.68628584136603932e+00   1.26517567673967202e+00   5.56609305713273095e+00   5.00126347394483806e-01   1.77980019860139492e+02
6.09932706515664336e+00   2.02986310830942478e-06   1.68628833123893451e+00   1.26522237313452623e+00   5.56567149368598812e+00   5.00121878025587829e-01   1.77971311319593667e+02
6.17067648834662474e+00   2.05013933334791151e-06   1.68628903908007333e+00   1.26526774462316349e+00   5.56524523200161081e+00   5.00117552164807466e-01   1.77962298790788310e+02
6.24274298516102277e+00   2.07061748338716491e-06   1.68628963704319057e+00   1.26531183010843717e+00   5.56483070001653335e+00   5.00113373350884016e-01   1.77953503840322924e+02
6.31553376230957753e+00   2.09131233342724124e-06   1.68629278069472099e+00   1.26535466757268011e+00   5.56445466986160309e+00   5.00109317147308663e-01   1.77945808746646605e+02
6.38905609893066018e+00   2.11219925846807161e-06   1.68629265142540330e+00   1.26539629431891232e+00   5.56405796700510180e+00   5.00105367410737967e-01   1.77937338456591505e+02
6.46331734731920271e+00   2.13331765850982010e-06   1.68629419171624040e+00   1.26543674526132732e+00   5.56368949773097832e+00   5.00101543958384798e-01   1.77929635832718020e+02
6.53832493366192846e+00   2.15463305855235013e-06   1.68629707270069429e+00   1.26547605449197298e+00   5.56334544779559881e+00   5.00097853891639188e-01   1.77922571387877383e+02
6.61408635877998030e+00   2.17617500859577883e-06   1.68629778222617732e+00   1.26551425688926766e+00   5.56299159124325282e+00   5.00094257060576086e-01   1.77915093428147912e+02
6.69060919887900152e+00   2.19792380864004618e-06   1.68629835537968331e+00   1.26555138317400195e+00   5.56264667299689552e+00   5.00090765469968557e-01   1.77907788642509757e+02
6.76790110630677422e+00   2.21990408368527105e-06   1.68629956601902009e+00   1.26558746489083940e+00   5.56231918598935593e+00   5.00087389149504902e-01   1.77900917987934719e+02
6.84596981031844898e+00   2.24209613373137139e-06   1.68630137675108238e+00   1.26562253551610859e+00   5.56200683887582858e+00   5.00084125151602388e-01   1.77894411369632309e+02
6.92482311784948568e+00   2.26451965877842924e-06   1.68630195061342247e+00   1.26565662441638604e+00   5.56169281101467217e+00   5.00080936971666890e-01   1.77887769783745426e+02
7.00446891429634988e+00   2.28716480882642053e-06   1.68630336035369877e+00   1.26568976034516356e+00   5.56139608698387100e+00   5.00077849819951736e-01   1.77881573555151476e+02
7.08491516430505541e+00   2.31004143387540830e-06   1.68630409482194832e+00   1.26572197182927493e+00   5.56110256686422932e+00   5.00074868036578191e-01   1.77875367097743805e+02
7.16616991256764457e+00   2.33314953392539255e-06   1.68630602569275689e+00   1.26575328332359271e+00   5.56082925716616394e+00   5.00071972811186982e-01   1.77869714471969246e+02
7.24824128462665307e+00   2.35648910897637328e-06   1.68630763265946615e+00   1.26578372461704580e+00   5.56056166660127449e+00   5.00069153805292488e-01   1.77864163221410507e+02
7.33113748768768225e+00   2.38006508402839240e-06   1.68630870184375392e+00   1.26581332109381783e+00   5.56029720704041797e+00   5.00066424338170057e-01   1.77858616362640106e+02
7.41486681144011683e+00   2.40387745908146937e-06   1.68630936232074169e+00   1.26584209808880210e+00   5.56003711094194575e+00   5.00063790015912502e-01   1.77853107349919213e+02
7.49943762888610976e+00   2.42793115913562621e-06   1.68631025803678125e+00   1.26587007950853248e+00   5.55978707121220062e+00   5.00061222053867493e-01   1.77847849015724591e+02
7.58485839717787869e+00   2.45222618419086290e-06   1.68631079242774584e+00   1.26589728469740814e+00   5.55954112836584802e+00   5.00058729160130944e-01   1.77842641452815911e+02
7.67113765846343654e+00   2.47676745924723236e-06   1.68631137907061235e+00   1.26592374106566585e+00   5.55930342709545844e+00   5.00056317851297560e-01   1.77837610305675298e+02
7.75828404074081490e+00   2.50155990930476802e-06   1.68631339644666056e+00   1.26594947112843714e+00   5.55908701754120393e+00   5.00053985354771080e-01   1.77833176019146293e+02
7.84630625872086007e+00   2.52659368436342461e-06   1.68631378835291290e+00   1.26597449601711620e+00   5.55886167095197603e+00   5.00051709945584455e-01   1.77828394784576886e+02
7.93521311469872437e+00   2.55188848442329902e-06   1.68631422355460803e+00   1.26599883635775790e+00   5.55864338266037628e+00   5.00049504717487325e-01   1.77823764324118287e+02
8.02501349943409537e+00   2.57742953448435871e-06   1.68631442195994952e+00   1.26602250976778685e+00   5.55842959716700147e+00   5.00047374008744550e-01   1.77819198270721358e+02
8.11571639304027848e+00   2.60324145954672256e-06   1.68631624829910409e+00   1.26604554024979810e+00   5.55823825437296026e+00   5.00045305287298403e-01   1.77815283924919072e+02
8.20733086588221994e+00   2.62929963461027169e-06   1.68631745501491181e+00   1.26606794643488096e+00   5.55804738799259912e+00   5.00043292527289962e-01   1.77811325006666465e+02
8.29986607948355193e+00   2.65562868467515208e-06   1.68631746348730127e+00   1.26608974577339417e+00   5.55785003600245986e+00   5.00041341837333619e-01   1.77807092273882290e+02
8.39333128744274681e+00   2.68221875974133286e-06   1.68631830074756128e+00   1.26611095597652601e+00   5.55766729335751020e+00   5.00039457689263944e-01   1.77803255831758179e+02
8.48773583635848716e+00   2.70907970980886354e-06   1.68631874917404301e+00   1.26613159211058823e+00   5.55748622122264901e+00   5.00037623845010826e-01   1.77799419072116365e+02
8.58308916676433853e+00   2.73621153487775385e-06   1.68631992812072995e+00   1.26615167361604386e+00   5.55731825517942113e+00   5.00035842826268340e-01   1.77795945169641499e+02
8.67940081407279784e+00   2.76361423494803979e-06   1.68632063009042898e+00   1.26617121778492714e+00   5.55715021338831949e+00   5.00034118316747933e-01   1.77792408478591256e+02
8.77668040952885953e+00   2.79129273501974674e-06   1.68632052337600902e+00   1.26619024077733888e+00   5.55698009284778660e+00   5.00032449042033922e-01   1.77788746277662540e+02
8.87493768117313486e+00   2.81925196009290010e-06   1.68632074920432418e+00   1.26620875775016928e+00   5.55681813471176955e+00   5.00030825176383087e-01   1.77785296704798554e+02
8.97418245481467025e+00   2.84749683516757012e-06   1.68632267435860195e+00   1.26622678330151328e+00   5.55667789363147602e+00   5.00029248437553031e-01   1.77782491610494873e+02
9.07442465501353190e+00   2.87601751024370775e-06   1.68632294269628669e+00   1.26624432737642567e+00   5.55652568821545589e+00   5.00027723281988190e-01   1.77779248637762805e+02
