0.00000000000000000e+00   5.21938831444774780e-19   0.00000000000000000e+00   0.00000000000000000e+00   0.00000000000000000e+00   0.00000000000000000e+00   0.00000000000000000e+00   0.00000000000000000e+00   0.00000000000000000e+00
1.00501670841679491e-02   5.15712518858478410e-19   8.79933156010584719e+06   4.18771781404214344e+04   3.66509435348778106e+03   6.14209864975374309e+00   4.90339602978691619e+04   3.68132128867642450e+03   6.14209864975374309e+00
2.02013400267557763e-02   5.09383516628869840e-19   3.51728782616825998e+07   1.66425468380606879e+05   1.43897425647086748e+04   2.29693669444373718e+01   1.94734371923423663e+05   1.44526649922504603e+04   2.29693669444373718e+01
3.04545339535169379e-02   5.02967338067261402e-19   7.90717681714929193e+07   3.71909995444691624e+05   3.17613263024465996e+04   4.82422008697691069e+01   4.34874266209121561e+05   3.18985645404769020e+04   4.82422008697691069e+01
4.08107741923882106e-02   4.96457833264012047e-19   1.40430204432137430e+08   6.56442363433263148e+05   5.53578378131759600e+04   7.99234928537017453e+01   7.67052454406230594e+05   5.55943257159705390e+04   7.99234928537017453e+01
5.12710963760241167e-02   4.89861336373130984e-19   2.19164275284191936e+08   1.01798268957283639e+06   8.47503103765942797e+04   1.16183762825301599e+02   1.18869768133025523e+06   8.51084641451958742e+04   1.16183762825301599e+02
6.18365465453596386e-02   4.83181657297499919e-19   3.15174825939256191e+08   1.45435448713307828e+06   1.19505100666264334e+05   1.55396059341398171e+02   1.69708684208844183e+06   1.20004986705996911e+05   1.55396059341398171e+02
7.25081812542163195e-02   4.76422078629595625e-19   4.28345520746698618e+08   1.96323860042791557e+06   1.59184602819804684e+05   1.96128642990674393e+02   2.28933885405128822e+06   1.59844097623952694e+05   1.96128642990674393e+02
8.32870676749586369e-02   4.69568283711812363e-19   5.58542296772168636e+08   2.54212834881651029e+06   2.03337801886776753e+05   2.37091280792102054e+02   2.96235819109533774e+06   2.04172682848146884e+05   2.37091280792102054e+02
9.41742837052104154e-02   4.62642549506357882e-19   7.05614766030434608e+08   3.18845696250074822e+06   2.51530351363832538e+05   2.77253673481092790e+02   3.71299792152768373e+06   2.52554551560865599e+05   2.77253673481092790e+02
1.05170918075647490e-01   4.55635120251794788e-19   8.69396042852456212e+08   3.89944824064939329e+06   3.03309880050948821e+05   3.15677107727993587e+02   4.53786915267626010e+06   3.04535521500537696e+05   3.15677107727993587e+02
1.16278070458871285e-01   4.48541818511311116e-19   1.04970245089674211e+09   4.67218127126851305e+06   3.58222876138423861e+05   3.51581131891500604e+02   5.43342509883833304e+06   3.59660393893372675e+05   3.51581131891500604e+02
1.27496851579375736e-01   4.41380481564440826e-19   1.24634291943750215e+09   5.50375242785404436e+06   4.15844528647335945e+05   3.84423066292352644e+02   6.39616175578506477e+06   4.17502926946139254e+05   3.84423066292352644e+02
1.38828383324621774e-01   4.34148069374719699e-19   1.45909493165408921e+09   6.39097788048994355e+06   4.75728490168213786e+05   4.13716820446315296e+02   7.42225240802940540e+06   4.77615325438460335e+05   4.13716820446315296e+02
1.50273798857227137e-01   4.26847310964884120e-19   1.68772525727594447e+09   7.33060319170730840e+06   5.37440627238585730e+05   4.39124928148607353e+02   8.50780395053974912e+06   5.39562146686080960e+05   4.39124928148607353e+02
1.61834242728283062e-01   4.19476758155576308e-19   1.93199751054459858e+09   8.31927342364535853e+06   6.00548643011814100e+05   4.60404273164971187e+02   9.64881647452542186e+06   6.02909855026404723e+05   4.60404273164971187e+02
1.73510870991810284e-01   4.12040274460270561e-19   2.19166307414582443e+09   9.35357286822835356e+06   6.64635984472462093e+05   4.77440297071436703e+02   1.08412369453067575e+07   6.67240782304217340e+05   4.77440297071436703e+02
1.85304851320365449e-01   4.04549007209072649e-19   2.46642433617253447e+09   1.04299356517004166e+07   7.29303102240648586e+05   4.90247904900758215e+02   1.20808604509680383e+07   7.32154376171539188e+05   4.90247904900758215e+02
1.97217363121810152e-01   3.96994691500420279e-19   2.75598551751787996e+09   1.15445419109695852e+07   7.94120919558126014e+05   4.98812712663396610e+02   1.33631835086327363e+07   7.97220450093429885e+05   4.98812712663396610e+02
2.09249597657251485e-01   3.89387477423223212e-19   3.06008962731088829e+09   1.26939275888439398e+07   8.58729851705924375e+05   5.03307614890563627e+02   1.46841481480923947e+07   8.62078610846164636e+05   5.03307614890563627e+02
2.21402758160169855e-01   3.81735489879253465e-19   3.37839507388747406e+09   1.38742605825916901e+07   9.22762509377083858e+05   5.03941582432607788e+02   1.60392851243377682e+07   9.26360622979221633e+05   5.03941582432607788e+02
2.33678059956743178e-01   3.74032034142108431e-19   3.71054553294220591e+09   1.50813691726159770e+07   9.85817695536805200e+05   5.00876978966469210e+02   1.74237289046235047e+07   9.89664300941708614e+05   5.00876978966469210e+02
2.46076730587380776e-01   3.66288547016094118e-19   4.05619508193526030e+09   1.63114394032299928e+07   1.04757376021271606e+06   4.94435507324637399e+02   1.88330669887456261e+07   1.05166729346550582e+06   4.94435507324637399e+02
2.58600009929478070e-01   3.58503367051849618e-19   4.41507053296763420e+09   1.75606794836539961e+07   1.10770046741236676e+06   4.84892160807476955e+02   2.02629094646728598e+07   1.11203860323401075e+06   4.84892160807476955e+02
2.71249150321404731e-01   3.50692735045663405e-19   4.78671541395746326e+09   1.88250013684422560e+07   1.16591314195375144e+06   4.72638622681085678e+02   2.17085678798576519e+07   1.17049290663787327e+06   4.72638622681085678e+02
2.84025416687741394e-01   3.42850153629519667e-19   5.17073840577244854e+09   2.01000306610126868e+07   1.22187163688551029e+06   4.57940569323734337e+02   2.31650033916936442e+07   1.22668917205005605e+06   4.57940569323734337e+02
2.96930086665771809e-01   3.34988523040335598e-19   5.56677702602348518e+09   2.13820473848085217e+07   1.27534888340675156e+06   4.41197931403810628e+02   2.46279791411267519e+07   1.28039979642190435e+06   4.41197931403810628e+02
3.09964450733247521e-01   3.27105021630503324e-19   5.97444528536420918e+09   2.26667911186932437e+07   1.32605900665586581e+06   4.22706334286135132e+02   2.60926227792656757e+07   1.33133811381967599e+06   4.22706334286135132e+02
3.23129812337437095e-01   3.19210688731243196e-19   6.39326721420299149e+09   2.39501453988558874e+07   1.37378802418383700e+06   4.02836009153236375e+02   2.75542678858444393e+07   1.37928952395329019e+06   4.02836009153236375e+02
3.36427488025472288e-01   3.11305417828980670e-19   6.82280756975180531e+09   2.52278036564794034e+07   1.41829543546263431e+06   3.81881073530088997e+02   2.90080228306441940e+07   1.42401276880861004e+06   3.81881073530088997e+02
3.49858807576003183e-01   3.03398783363545207e-19   7.26266212575834179e+09   2.64959996855874807e+07   1.45942496069786325e+06   3.60179494607237189e+02   3.04496502642022446e+07   1.46535103031503106e+06   3.60179494607237189e+02
3.63425114132177818e-01   2.95498508036930982e-19   7.71235661627168083e+09   2.77507381097483635e+07   1.49702229779312178e+06   3.38032434799594739e+02   3.18746590871626586e+07   1.50314939961475879e+06   3.38032434799594739e+02
3.77127764335957183e-01   2.87600984682842607e-19   8.17141827508049679e+09   2.89875418947681189e+07   1.53088182582122134e+06   3.15659407272835722e+02   3.32779936160897203e+07   1.53720143109677313e+06   3.15659407272835722e+02
3.90968128463780484e-01   2.79721197478515995e-19   8.63937474013066864e+09   3.02029381470722295e+07   1.56094571408727998e+06   2.93355189925175921e+02   3.46558027606216818e+07   1.56744887451575068e+06   2.93355189925175921e+02
4.04947590563593973e-01   2.71866758074501284e-19   9.11572291196083832e+09   3.13931386268913485e+07   1.58713036855629110e+06   2.71344915378397786e+02   3.60038685367055237e+07   1.59380757221774012e+06   2.71344915378397786e+02
4.19067548593257566e-01   2.64034566946597676e-19   9.60000891442785072e+09   3.25539669304060712e+07   1.60930246756147011e+06   2.49780401642084570e+02   3.73175140978027061e+07   1.61614344462959282e+06   2.49780401642084570e+02
4.33329414560340576e-01   2.56239710229944623e-19   1.00917469430034294e+10   3.36823606784243956e+07   1.62748407871788298e+06   2.28869203310337042e+02   3.85933891204628944e+07   1.63447822515417240e+06   2.28869203310337042e+02
4.47734614663324759e-01   2.48485172056921137e-19   1.05903854502228680e+10   3.47744302838371694e+07   1.64161831861794111e+06   2.08735397905046227e+02   3.98271758484832346e+07   1.64875439649500209e+06   2.08735397905046227e+02
4.62284589434224902e-01   2.40773315577009143e-19   1.10954087259500504e+10   3.58264461197042540e+07   1.65166842809454654e+06   1.89479589893102485e+02   4.10147458338223472e+07   1.65893459509866615e+06   1.89479589893102485e+02
4.76980793882642917e-01   2.33113667696867481e-19   1.16063899891349983e+10   3.68356405473975837e+07   1.65769346019162121e+06   1.71206783249881795e+02   4.21530936917665377e+07   1.66507754754062486e+06   1.71206783249881795e+02
4.91824697641270570e-01   2.25513852020947559e-19   1.21228321605059280e+10   3.77990642643775344e+07   1.65974857675091177e+06   1.53987958513600063e+02   4.32390053675506189e+07   1.66723803590934421e+06   1.53987958513600063e+02
5.06817785112853691e-01   2.17978095286354878e-19   1.26440590284745026e+10   3.87130940576293170e+07   1.65785479914414068e+06   1.37859638303743253e+02   4.42684917269820496e+07   1.66543653853468620e+06   1.37859638303743253e+02
5.21961555618634110e-01   2.10514379494016806e-19   1.31696884897494831e+10   3.95755428801696151e+07   1.65212888903172105e+06   1.22854256673212149e+02   4.52392162703332156e+07   1.65978961244645808e+06   1.22854256673212149e+02
5.37257523548281712e-01   2.03125801599398139e-19   1.36992653003915443e+10   4.03836876658523604e+07   1.64264704292202112e+06   1.08971926463028154e+02   4.61482195833479241e+07   1.65037309659969877e+06   1.08971926463028154e+02
5.52707218511336418e-01   1.95822006685560033e-19   1.42322563993992290e+10   4.11354331044616550e+07   1.62955874235976045e+06   9.62133553999315296e+01   4.69932719452488050e+07   1.63733632963878475e+06   9.62133553999315296e+01
5.68312185490169153e-01   1.88609426359332827e-19   1.47679791717100105e+10   4.18281781418969929e+07   1.61298395422916277e+06   8.45558437100444991e+01   4.77715565738152787e+07   1.62079901874775789e+06   8.45558437100444991e+01
5.84073984994482043e-01   1.81492564938476118e-19   1.53061511615735703e+10   4.24604589971547872e+07   1.59308300888057356e+06   7.39643098305993050e+01   4.84815487894905433e+07   1.60092144269238249e+06   7.39643098305993050e+01
5.99994193217360472e-01   1.74472822701028093e-19   1.58462873014849434e+10   4.30299833542808592e+07   1.56997001824236661e+06   6.43888898970033949e+01   4.91207686710997745e+07   1.57781748250446538e+06   6.43888898970033949e+01
6.16074402192893666e-01   1.67565760365969228e-19   1.63877835529275570e+10   4.35362398259224966e+07   1.54391934315952938e+06   5.57955279698854341e+01   4.96887850261088684e+07   1.55176181041482743e+06   5.57955279698854341e+01
6.32316219955379344e-01   1.60765598040209644e-19   1.69301495440456600e+10   4.39764018021910191e+07   1.51498959488873184e+06   4.81111878248982237e+01   5.01824850858286619e+07   1.52281265583709814e+06   4.81111878248982237e+01
6.48721270700128416e-01   1.54089149232313571e-19   1.74730377078625450e+10   4.43514424791918471e+07   1.48352143292311113e+06   4.12923625217950629e+01   5.06031143426946476e+07   1.49131132382149971e+06   4.12923625217950629e+01
6.65291194945886843e-01   1.47532623586148919e-19   1.80159857208605309e+10   4.46592441044368967e+07   1.44961375035233749e+06   3.52651929640945525e+01   5.09483559653704911e+07   1.45735652365840855e+06   3.52651929640945525e+01
6.82027649698886851e-01   1.41105610949498064e-19   1.85583502971455612e+10   4.48995335697964653e+07   1.41351731189917657e+06   2.99714783740423591e+01   5.12180022398868427e+07   1.42119938731778366e+06   2.99714783740423591e+01
6.98932308618551046e-01   1.34807672335979453e-19   1.90998248902847824e+10   4.50714688470374420e+07   1.37539549792430224e+06   2.53436359084000884e+01   5.14111769924359396e+07   1.38300343097392470e+06   2.53436359084000884e+01
7.16006862184858761e-01   1.28652835994543719e-19   1.96400051406891823e+10   4.51768059855134189e+07   1.33558828901575878e+06   2.13274238405262189e+01   5.15299612136581391e+07   1.34310947105105966e+06   2.13274238405262189e+01
7.33253017867395718e-01   1.22634336816148753e-19   2.01784215274553604e+10   4.52135862882728279e+07   1.29417459611446736e+06   1.78540838656239060e+01   5.15721787406140268e+07   1.30159630218996410e+06   1.78540838656239060e+01
7.50672500296101441e-01   1.16764844133141734e-19   2.07145154496918182e+10   4.51836314232551679e+07   1.25147778032783791e+06   1.48719128345084837e+01   5.15399540939467847e+07   1.25878815576899657e+06   1.48719128345084837e+01
7.68267051433735526e-01   1.11041408832795036e-19   2.12480427695983276e+10   4.50866212111258358e+07   1.20764280112029356e+06   1.23226180103263321e+01   5.14329557336430624e+07   1.21483025122995325e+06   1.23226180103263321e+01
7.86038430750074069e-01   1.05474359656748840e-19   2.17786026481355820e+10   4.49249786609481275e+07   1.16297803911877796e+06   1.01586105154979336e+01   5.12539592185057625e+07   1.17003193367254408e+06   1.01586105154979336e+01
8.03988415397857370e-01   1.00059281011844324e-19   2.23056791299984055e+10   4.46978743246012181e+07   1.11759130516088521e+06   8.32924508038199107e+00   5.10020263070152700e+07   1.12450119572171150e+06   8.32924508038199107e+00
8.22118800390509552e-01   9.48017268133480711e-20   2.28289010559192810e+10   4.44072972205217406e+07   1.07172948709798884e+06   6.79259047847973907e+00   5.06794098212658465e+07   1.07848575998815359e+06   6.79259047847973907e+00
8.40431398781638084e-01   8.97050341130459556e-20   2.33480079744393463e+10   4.40552643657226339e+07   1.02561330899658054e+06   5.50954470180222877e+00   5.02883794109451175e+07   1.03220715528735064e+06   5.50954470180222877e+00
8.58928041846342527e-01   8.47710977369404049e-20   2.38626429839899902e+10   4.36435185350311100e+07   9.79435881534977467e+05   4.44443664484557743e+00   4.98308779241937846e+07   9.85859232535935123e+05   4.44443664484557743e+00
8.77610579264344048e-01   7.99996646301687329e-20   2.43722244249245491e+10   4.31730457207126021e+07   9.33348058986288961e+05   3.56503250851441500e+00   4.93079746301136836e+07   9.39593434025264694e+05   3.56503250851441500e+00
8.96480879304952127e-01   7.53922555975435334e-20   2.48766149652115402e+10   4.26463767477350682e+07   8.87538842775440775e+05   2.84334982376830681e+00   4.87224832577304617e+07   8.93599620063508162e+05   2.84334982376830681e+00
9.15540829013896884e-01   7.09502988339669450e-20   2.53755255788939857e+10   4.20660056949273795e+07   8.42183892444152734e+05   2.25473637071861921e+00   4.80771602962428480e+07   8.48054300073046703e+05   2.25473637071861921e+00
9.34792334402032132e-01   6.66765535726086801e-20   2.58685868634930878e+10   4.14350539548349530e+07   7.97469549757746863e+05   1.77780994147056126e+00   4.73754569109494388e+07   8.03144784318037913e+05   1.77780994147056126e+00
9.54237320635940023e-01   6.25652793502564164e-20   2.63553501349398918e+10   4.07538886693618670e+07   7.53453755893430789e+05   1.39317453830968363e+00   4.66177014898528233e+07   7.58929383648367599e+05   1.39317453830968363e+00
9.73877732230448379e-01   5.86207280019119099e-20   2.68357373398530846e+10   4.00271019779986814e+07   7.10340554615552188e+05   1.08528265984907435e+00   4.58089923881619498e+07   7.15613338049824000e+05   1.08528265984907435e+00
9.93715533243083149e-01   5.48422075883553873e-20   2.73094769556943970e+10   3.92575714542139024e+07   6.68250635782387573e+05   8.40358347599608480e-01   4.49524778121658787e+07   6.73318158621539595e+05   8.40358347599608480e-01
1.01375270747047752e+00   5.12256995427688380e-20   2.77761822481057816e+10   3.84468781505318508e+07   6.27247008172241738e+05   6.46596661660366334e-01   4.40498335467501655e+07   6.32107401569470414e+05   6.46596661660366334e-01
1.03399125864675145e+00   4.77715790740877266e-20   2.82356351233865814e+10   3.75987690306613594e+07   5.87452720273777493e+05   4.94382731520033480e-01   4.31051761368217543e+07   5.92105051036905148e+05   4.94382731520033480e-01
1.05443321064388851e+00   4.44788269306524850e-20   2.86876967798845215e+10   3.67168112131935656e+07   5.48964710699509131e+05   3.75614911945793939e-01   4.21224153405956104e+07   5.53408897006812389e+05   3.75614911945793939e-01
1.07508060767412372e+00   4.13434421891640072e-20   2.91321456169268494e+10   3.58032937264185101e+07   5.11827250059947139e+05   2.83500989740354647e-01   4.11040138324102163e+07   5.16063792456877185e+05   2.83500989740354647e-01
1.09593551449436566e+00   3.83640968572505723e-20   2.95686456275362549e+10   3.48617402135297880e+07   4.76113849660916952e+05   2.12565480783161842e-01   4.00538202215923592e+07   4.80144040788352606e+05   2.12565480783161842e-01
1.11700001661267567e+00   3.55376818971998956e-20   2.99971133954343796e+10   3.38953259388964102e+07   4.41869324840463174e+05   1.58305205496541951e-01   3.89752950903314650e+07   4.45695125568788673e+05   1.58305205496541951e-01
1.13827622049681976e+00   3.28618954795045771e-20   3.04173755390840912e+10   3.29076832901016697e+07   4.09141022876249626e+05   1.17098221324293914e-01   3.78724116631944776e+07   4.12765112745331135e+05   1.17098221324293914e-01
1.15976625378491605e+00   3.03332234666692010e-20   3.08292491540306473e+10   3.19019540900386237e+07   3.77951500540956855e+05   8.60207458773874500e-02   3.67485908874827400e+07   3.81377151503243600e+05   8.60207458773874500e-02
1.18147226549820195e+00   2.79464273144657848e-20   3.12325551035085754e+10   3.08803397396231703e+07   3.48291729879357095e+05   6.27341505558755841e-02   3.56061950138770342e+07   3.51522614362845372e+05   6.27341505558755841e-02
1.20339642625593779e+00   2.56999253404500352e-20   3.16271717146384048e+10   2.98473668108427227e+07   3.20199457555098517e+05   4.54287824359592696e-02   3.44502136971215978e+07   3.23239996018939302e+05   4.54287824359592696e-02
1.22554092849246876e+00   2.35880730845486767e-20   3.20129610380711021e+10   2.88051593345609196e+07   2.93647416525828885e+05   3.26532540368730459e-02   3.32829303983198665e+07   2.96502343072301184e+05   3.26532540368730459e-02
1.24790798667647218e+00   2.16084417902950344e-20   3.23898291824965019e+10   2.77580294060683362e+07   2.68648906011923100e+05   2.33004814128223055e-02   3.21091051984325051e+07   2.71323578023102426e+05   2.33004814128223055e-02
1.27049983753240703e+00   1.97546134390518117e-20   3.27576488737057610e+10   2.67075666642487794e+07   2.45154229581483320e+05   1.64981406888451074e-02   3.09304299608432800e+07   2.47654168951757427e+05   1.64981406888451074e-02
1.29331874026418392e+00   1.80228106175426841e-20   3.31162942943641357e+10   2.56571718727476709e+07   2.23146352748832694e+05   1.15912168294220776e-02   2.97506494048548676e+07   2.25477493323982198e+05   1.15912168294220776e-02
1.31636697678109282e+00   1.64094434618437293e-20   3.34656714804022827e+10   2.46105453438785933e+07   2.02606147873550333e+05   8.08152002329510025e-03   2.85738584418586120e+07   2.04774832744362182e+05   8.08152002329510025e-03
1.33964685192599209e+00   1.49083245542603934e-20   3.38058148778243637e+10   2.35693591794950664e+07   1.83474064622238424e+05   5.58892930244223474e-03   2.74018699239979200e+07   1.85486717793517222e+05   5.58892930244223474e-03
1.36316069370579607e+00   1.35150868920627614e-20   3.41365380041402168e+10   2.25364994031407498e+07   1.65710960650446912e+05   3.83365338406557775e-03   2.62378754496787302e+07   1.67574240119118651e+05   3.83365338406557775e-03
1.38691085352427779e+00   1.22248140998553430e-20   3.44577716110790482e+10   2.15144116663529240e+07   1.49267101279232476e+05   2.60779252146271703e-03   2.50845819792655632e+07   1.50987802612368076e+05   2.60779252146271703e-03
1.41089970641721107e+00   1.10333585793736640e-20   3.47695126482573853e+10   2.05062594519196898e+07   1.34100371752687293e+05   1.75936460710593543e-03   2.39455254336914495e+07   1.35685486564593244e+05   1.75936460710593543e-03
1.43512965128987569e+00   9.93473059321527174e-21   3.50717836734290009e+10   1.95132420335493498e+07   1.20140356420015945e+05   1.17663557633091061e-03   2.28220245307544805e+07   1.21596797160896953e+05   1.17663557633091061e-03
1.45960311115695118e+00   8.92445379717789239e-21   3.53644300991067886e+10   1.85377836751397327e+07   1.07334459473929455e+05   7.80045311482792402e-04   2.17167980528727472e+07   1.08669197081033490e+05   7.80045311482792402e-04
1.48432253338481779e+00   7.99757134764846215e-21   3.56474257454301987e+10   1.75817048632783182e+07   9.56218699502057862e+04   5.12505789536783839e-04   2.06318942056285068e+07   9.68418343619450316e+04   5.12505789536783839e-04
1.50929038993629927e+00   7.14955666868309186e-21   3.59208769990466843e+10   1.66471857236536033e+07   8.49460860331027216e+04   3.33708388669376737e-04   1.95697872218765356e+07   8.60581836336684646e+04   3.33708388669376737e-04
1.53450917761785588e+00   6.37551290420231160e-21   3.61847165673918686e+10   1.57356284250145052e+07   7.52436104229063058e+04   2.15288559922406701e-04   1.85320753768920377e+07   7.62546227669582731e+04   2.15288559922406701e-04
1.55998141832927306e+00   5.67077123187182997e-21   3.64388748128005524e+10   1.48484260270288885e+07   6.64529162791224226e+04   1.37587068040282253e-04   1.75203593985932097e+07   6.73694865448443888e+04   1.37587068040282253e-04
1.58570965931584773e+00   5.03073966802516041e-21   3.66833586089173660e+10   1.39867846296791174e+07   5.85127882097748297e+04   8.70841422788122484e-05   1.65360403094324172e+07   5.93413896090368289e+04   8.70841422788122484e-05
1.61169647342311917e+00   4.45123849745454259e-21   3.69183774798755722e+10   1.31522668431907874e+07   5.13669846962183074e+04   5.45890905810703428e-05   1.55809444513284247e+07   5.21139415285674186e+04   5.45890905810703428e-05
1.63794445935415434e+00   3.92776709871961601e-21   3.71437561704166489e+10   1.23454180078417137e+07   4.49540349296958739e+04   3.38780856564973131e-05   1.46557388484594021e+07   4.56254233828284414e+04   3.38780856564973131e-05
1.66445624192941866e+00   3.45621793455216513e-21   3.73595219124979553e+10   1.15670608678100128e+07   3.92176931433624195e+04   2.08109453576636810e-05   1.37614228702898622e+07   3.98193623946891967e+04   2.08109453576636810e-05
1.69123447234926427e+00   3.03279592228309624e-21   3.75657748415243530e+10   1.08181865532785542e+07   3.41056384604945779e+04   1.26538252797524352e-05   1.28992037494182494e+07   3.46432201504459008e+04   1.26538252797524352e-05
1.71828182845904731e+00   2.65344734382809404e-21   3.77626165004541855e+10   1.00988119358039405e+07   2.95623561055889804e+04   7.61174727237256306e-06   1.20691754722506311e+07   3.00411831443705305e+04   7.61174727237256306e-06
1.74560101501691856e+00   2.31486143208406284e-21   3.79499673567275848e+10   9.40989311627990007e+06   2.55416541913541114e+04   4.53078713104235324e-06   1.12725265101888832e+07   2.59668397717747466e+04   4.53078713104235324e-06
1.77319476396429998e+00   2.01337405255576095e-21   3.81278818865756226e+10   8.75118045583283342e+06   2.19934075282033627e+04   2.66723740805456017e-06   1.05090611389733441e+07   2.23697534214195730e+04   2.66723740805456017e-06
1.80106583469908132e+00   1.74578402646375418e-21   3.82965404531870041e+10   8.12289348308560718e+06   1.88736552871589993e+04   1.55271078501113428e-06   9.77913631264612451e+06   1.92056940524115307e+04   1.55271078501113428e-06
1.82921701435156159e+00   1.50896214413532639e-21   3.84559406638968277e+10   7.52479838217118103e+06   1.61396706067120740e+04   8.93509887440650546e-07   9.08258789163302444e+06   1.64316426104266466e+04   8.93509887440650546e-07
1.85765111806316563e+00   1.30020668037160445e-21   3.86060970516135483e+10   6.95721133251601085e+06   1.37543478821684967e+04   5.08383604325192361e-07   8.41990166990170628e+06   1.40102450168610176e+04   5.08383604325192361e-07
1.88637098926796032e+00   1.11666470646972034e-21   3.87470901880223923e+10   6.41943014774808288e+06   1.16793961889778075e+04   2.85832320090302987e-07   7.79038093239469733e+06   1.19029062530561350e+04   2.85832320090302987e-07
1.91537949997699863e+00   9.55866315723271467e-22   3.88791478644866867e+10   5.91121570067437645e+06   9.88164106932507275e+03   1.58790335017885159e-07   7.19387569071423355e+06   1.00761886013707917e+04   1.58790335017885159e-07
1.94467955106552592e+00   8.15454937173929463e-22   3.90021991504151001e+10   5.43197873312359303e+06   8.32972124900905328e+03   8.71371852333447432e-08   6.62982738309543300e+06   8.49846055278401582e+03   8.71371852333447432e-08
1.97427407256306786e+00   6.93264297550439587e-22   3.91163335197599945e+10   4.98110380484506954e+06   6.99510479530690372e+03   4.72212445659904013e-08   6.09764998064839002e+06   7.14093183997343112e+03   4.72212445659904013e-08
2.00416602394643517e+00   5.87300389733300401e-22   3.92216959614163666e+10   4.55789906876077969e+06   5.85179903208196538e+03   2.52644624868435739e-08   5.59666913162966073e+06   5.97736156062669670e+03   2.52644624868435739e-08
2.03435839443567756e+00   4.95758147939747771e-22   3.93184152346938782e+10   4.16170150489156647e+06   4.87647016425532638e+03   1.33437371029603016e-08   5.12624571209181007e+06   4.98418318213694329e+03   1.33437371029603016e-08
2.06485420329300418e+00   4.16959497395972688e-22   3.94065048463433228e+10   3.79164670287668286e+06   4.04771561303725412e+03   6.95539287669094990e-09   4.68550112969708070e+06   4.13976681728190852e+03   6.95539287669094990e-09
2.09565650012471405e+00   3.49357868638853056e-22   3.94860691538290634e+10   3.44670882355503179e+06   3.34611123582789833e+03   3.57618335609700869e-09   4.27336241341583896e+06   3.42446967978739485e+03   3.57618335609700869e-09
2.12676836518615842e+00   2.91600779829318978e-22   3.95572992144001694e+10   3.12607215619614115e+06   2.75480260911544747e+03   1.81359856927384033e-09   3.88900512990991212e+06   2.82124213660223040e+03   1.81359856927384033e-09
2.15819290968977029e+00   2.42455197294503739e-22   3.96202504349564743e+10   2.82881313267360860e+06   2.25863632053651827e+03   9.07051651789504127e-10   3.53147303381892852e+06   2.31474554458517832e+03   9.07051651789504127e-10
2.18993327611618716e+00   2.00789795051826349e-22   3.96750028604925156e+10   2.55382722499908274e+06   1.84395420698761995e+03   4.47184152634097135e-10   3.19958791443632310e+06   1.89114467545738853e+03   4.47184152634097135e-10
2.22199263852850271e+00   1.65605697278768984e-22   3.97216784395821686e+10   2.30006316707423283e+06   1.49885440312478818e+03   2.17245139396312614e-10   2.89222974456835724e+06   1.53837692812621594e+03   2.17245139396312614e-10
2.25437420288967383e+00   1.36025643107165445e-22   3.97604779985389938e+10   2.06655289960258431e+06   1.21301847404345017e+03   1.03989743170998571e-10   2.60837377608174412e+06   1.24597899808572856e+03   1.03989743170998571e-10
2.28708120738312104e+00   1.11258683853323174e-22   3.97914283402947083e+10   1.85220667538860999e+06   9.77304636084303979e+02   4.90287494466560686e-11   2.34684072865298064e+06   1.00467363951411653e+03   4.90287494466560686e-11
2.32011692273654990e+00   9.06110693304485165e-23   3.98146511363888168e+10   1.65597252032353310e+06   7.83818977860216819e+02   2.27622891134044560e-11   2.10648989649034245e+06   8.06444922425458685e+02   2.27622891134044560e-11
2.35348465254902672e+00   7.34665753737934247e-23   3.98303028573751831e+10   1.47672907961933245e+06   6.25678642818188791e+02   1.03997605237288746e-11   1.88608711998208147e+06   6.44298147274628946e+02   1.03997605237288746e-11
2.38718773362133785e+00   5.93023936353940384e-23   3.98385204455148697e+10   1.31353767610175535e+06   4.97113007911130865e+02   4.67660416846074515e-12   1.68461410657849652e+06   5.12365943466912881e+02   4.67660416846074515e-12
2.42122953628967652e+00   4.76515803616174892e-23   3.98393826275490494e+10   1.16533966866550571e+06   3.93075695761343354e+02   2.06897767565213317e-12   1.50089623536068387e+06   4.05512612481087274e+02   2.06897767565213317e-12
2.45561346476267861e+00   3.81108758714870771e-23   3.98330172405570450e+10   1.03110514343689976e+06   3.09285042788016483e+02   9.00118279231382666e-13   1.33378442894168268e+06   3.19377382382777398e+02   9.00118279231382666e-13
2.49034295746184409e+00   3.03342123733835537e-23   3.98196012867324600e+10   9.09845057486450300e+05   2.42130897041951556e+02   3.84919603467000018e-13   1.18217021231942577e+06   2.50280542232100743e+02   3.84919603467000018e-13
2.52542148736538552e+00   2.40279964368302085e-23   3.97992294577696533e+10   8.00649338886457030e+05   1.88600305005054622e+02   1.61783887694773560e-13   1.04503372552445671e+06   1.95148786411616413e+02   1.61783887694773560e-13
2.56085256235552405e+00   1.89385584072312437e-23   3.97720166297423401e+10   7.02585893378316308e+05   1.46143460025572068e+02   6.68028232113138807e-14   9.21317506940834108e+05   1.51378771939588972e+02   6.68028232113138807e-14
2.59663972556928480e+00   1.48520092048183022e-23   3.97380993487510376e+10   6.14783321036399808e+05   1.12649113204247158e+02   2.70910825366203767e-14   8.10030016034407308e+05   1.16813099982573817e+02   2.70910825366203767e-14
2.63278655575281295e+00   1.15871499326404676e-23   3.96976482145039062e+10   5.36392923235766939e+05   8.63640422698720869e+01   1.07853204288624947e-14   7.10197992351133260e+05   8.96585232196845112e+01   1.07853204288624947e-14
2.66929666761924755e+00   8.99258496841657853e-24   3.96507490536735840e+10   4.66621333283230022e+05   6.58506268297689985e+01   4.21394074872964193e-15   6.20907967838886194e+05   6.84432452009334895e+01   4.21394074872964193e-15
2.70617371221020209e+00   6.94179182089682075e-24   3.95975341756977615e+10   4.04714788591678371e+05   4.99313466425317216e+01   1.61533886247804338e-15   5.41286867800574051e+05   5.19605562117391315e+01   1.61533886247804338e-15
2.74342137726086621e+00   5.32935100122935456e-24   3.95381533968083115e+10   3.49949081777859770e+05   3.76452559287203883e+01   6.07203081681431701e-16   4.70489288261187554e+05   3.92246493175527888e+01   6.07203081681431701e-16
2.78104338756878455e+00   4.06846231451625991e-24   3.94727419187572479e+10   3.01648161423413025e+05   2.82168788602813443e+01   2.23706346870901185e-16   4.07721725675196270e+05   2.94391507032786919e+01   2.23706346870901185e-16
2.81904350536633919e+00   3.08839413837339810e-24   3.94014104489914017e+10   2.59200184343412373e+05   2.10264731375534666e+01   8.07757426304799041e-17   3.52264281585186953e+05   2.19669552752864590e+01   8.07757426304799041e-17
2.85742553069697847e+00   2.33067163693587921e-24   3.93242912948285751e+10   2.22001938498114003e+05   1.55732934806921026e+01   2.85614827013001701e-17   3.03398832946768962e+05   1.62926454089031125e+01   2.85614827013001701e-17
2.89619330179521883e+00   1.74851402463107449e-24   3.92415387681217117e+10   1.89524151966368197e+05   1.14643406689760265e+01   9.88927223838210523e-18   2.60494897145985189e+05   1.20112715035642488e+01   9.88927223838210523e-18
2.93535069547047689e+00   1.30391750667153482e-24   3.91532666031372757e+10   1.61263385674356454e+05   8.38739285182140293e+00   3.35172898932029990e-18   2.22947391824113962e+05   8.80070381051025485e+00   3.35172898932029990e-18
2.97490162749475262e+00   9.66287003835892480e-25   3.90595998462605743e+10   1.36744219542307255e+05   6.09668545568212217e+00   1.11088711353161751e-18   1.90179705632487312e+05   6.40704193453206905e+00   1.11088711353161751e-18
3.01485005299420550e+00   7.11627380864472561e-25   3.89606719099573975e+10   1.15556725791451376e+05   4.40321855614609259e+00   3.60108917279170386e-19   1.61694441028540139e+05   4.63479607317219244e+00   3.60108917279170386e-19
3.05519996684467898e+00   5.20693015686680464e-25   3.88566267471922073e+10   9.73058199335958052e+04   3.15898058051431097e+00   1.14070646184640319e-19   1.37006560151944315e+05   3.33064449944483476e+00   1.14070646184640319e-19
3.09595540407118008e+00   3.78516527850879846e-25   3.87475753518130569e+10   8.16464851501318917e+04   2.25122545190130818e+00   3.53075586204016361e-20   1.15691289330705898e+05   2.37764024330938240e+00   3.53075586204016361e-20
3.13712044025139658e+00   2.73328019278957650e-25   3.86336460118934555e+10   6.82577133292574435e+04   1.59334078737365381e+00   1.06718375220331839e-20   9.73497260915235092e+04   1.68580562618851348e+00   1.06718375220331839e-20
3.17869919192325057e+00   1.96026236015140459e-25   3.85149728230986938e+10   5.68523976412823540e+04   1.11982837409048153e+00   3.14816820003545540e-21   8.16228627821999544e+04   1.18699452573912634e+00   3.14816820003545540e-21
3.22069581699655672e+00   1.39611199691832376e-25   3.83916820052479172e+10   4.71738835890061600e+04   7.81437234149836346e-01   9.06009546874160761e-22   6.81876417194582755e+04   8.29883997823121833e-01   9.06009546874160761e-22
3.26311451516882212e+00   9.87252055018563360e-26   3.82638919875515823e+10   3.89917413769039995e+04   5.41330788789667339e-01   2.54214995034798415e-22   5.67518139279245152e+04   5.76024124774643598e-01   2.54214995034798415e-22
3.30595952834521079e+00   6.93081370728784936e-26   3.81317271203441010e+10   3.21022559713594965e+04   3.72225079448415208e-01   6.95148197754773948e-23   4.70552927504319014e+04   3.96887791466834172e-01   6.95148197754773948e-23
3.34923514106274567e+00   4.83002503028492234e-26   3.79953173567133636e+10   2.63252043537557402e+04   2.54030438277100645e-01   1.85193930025669290e-23   3.88663329338101539e+04   2.71432828714743779e-01   1.85193930025669290e-23
3.39294568091876148e+00   3.34071213921431556e-26   3.78547791184954605e+10   2.14999843218673850e+04   1.72035758547282952e-01   4.80341222351642937e-24   3.19766622912421699e+04   1.84221918586152916e-01   4.80341222351642937e-24
3.43709551900366961e+00   2.29282197330140298e-26   3.77102320059926605e+10   1.74860843742901088e+04   1.15590444772402212e-01   1.21214174646723386e-24   2.62027058763901368e+04   1.24057506259729958e-01   1.21214174646723386e-24
3.48168907033806985e+00   1.56142553668898861e-26   3.75617963139524841e+10   1.41620379188678944e+04   7.70507042234914452e-02   2.97554546635568315e-25   2.13847016516950098e+04   8.28876103938602227e-02   2.97554546635568315e-25
3.52673079431425762e+00   1.05472964486995974e-26   3.74095924387910843e+10   1.14198156861623829e+04   5.09365371262154309e-02   7.09658264017475961e-26   1.73791320492440864e+04   5.49274267944797959e-02   7.09658264017475961e-26
3.57222519514216419e+00   7.06722667378839283e-27   3.72537345535007553e+10   9.16864938234194051e+03   3.33967665060705063e-02   1.64467524126122299e-26   1.40647667815891509e+04   3.61032736940493648e-02   1.64467524126122299e-26
3.61817682229978566e+00   4.69627819563256256e-27   3.70943384882675171e+10   7.32855056087378216e+03   2.17125416894132818e-02   3.70115046566044191e-27   1.13336860393109091e+04   2.35327076028917781e-02   3.70115046566044191e-27
3.66459027098813106e+00   3.09406616860017742e-27   3.69315181246437302e+10   5.83085297728118167e+03   1.39933263716196174e-02   8.07923124169207742e-28   9.09244276478120992e+03   1.52068585748867061e-02   8.07923124169207742e-28
3.71147018259074635e+00   2.02093900015536490e-27   3.67653864200105972e+10   4.61782494975461941e+03   8.93954346875776990e-03   1.71042922019490520e-28   7.26190333365173501e+03   9.74160008974598972e-03   1.71042922019490520e-28
3.75882124513785953e+00   1.30837815727573698e-27   3.65960548902645493e+10   3.63988509136448147e+03   5.65982191358458449e-03   3.50928855122293760e-29   5.77344770898042771e+03   6.18521144877781561e-03   3.50928855122293760e-29
3.80664819377518437e+00   8.39424044250131617e-28   3.64236334200833893e+10   2.85520816516392142e+03   3.55054758550268695e-03   6.97268366443408974e-30   4.56868034420972344e+03   3.89157746996224860e-03   6.97268366443408974e-30
3.85495581123743936e+00   5.33621988898798763e-28   3.62482276264154358e+10   2.22872260047977306e+03   2.20663619066077156e-03   1.34098878887581796e-30   3.59820230820497409e+03   2.42595385458052636e-03   1.34098878887581796e-30
3.90374892832662823e+00   3.36066622892522467e-28   3.60699468736967773e+10   1.73105221772699474e+03   1.35845632200846402e-03   2.49498827930791567e-31   2.82025024832167855e+03   1.49817662826494478e-03   2.49498827930791567e-31
3.95303242439512115e+00   2.09632102520671756e-28   3.58888969493561859e+10   1.33767282805386935e+03   8.28212585244427510e-04   4.48726348572003044e-32   2.19961902439375535e+03   9.16368634175359666e-04   4.48726348572003044e-32
4.00281122783359322e+00   1.29479094549351296e-28   3.57051803729864426e+10   1.02827063145357874e+03   4.99904477545658850e-04   7.79287576649814773e-33   1.70686284862277512e+03   5.54975302929817168e-04   7.79287576649814773e-33
4.05309031656387386e+00   7.91882970314702959e-29   3.55188964180089340e+10   7.86304200180251314e+02   2.98741604519913394e-04   1.30696062045177385e-33   1.31779395493471407e+03   3.32803949541204892e-04   1.30696062045177385e-33
4.10387471853673169e+00   4.79354539425919440e-29   3.53301501167157135e+10   5.98002485541361239e+02   1.76677092090940182e-04   2.11356303178188739e-34   1.01204539280320603e+03   1.97528202450237005e-04   2.11356303178188739e-34
4.15516951223468745e+00   2.87182265755892665e-29   3.51390404914631882e+10   4.52304945188754743e+02   1.03398465036113013e-04   3.29502060237828843e-35   7.73111186969876712e+02   1.16029932195573198e-04   3.29502060237828843e-35
4.20697982717985486e+00   1.70237842317776663e-29   3.49456609265052795e+10   3.40189413962090271e+02   5.98673802253677802e-05   4.94780477256928651e-36   5.87380011647673427e+02   6.74381746332527917e-05   4.94780477256928651e-36
4.25931084444690544e+00   9.98370850681606170e-30   3.47501084794226074e+10   2.54414354982551060e+02   3.42886392235663189e-05   7.15268557589559689e-37   4.43814479755719447e+02   3.87774421223141265e-05   7.15268557589559689e-37
4.31216779718117316e+00   5.79036837965408125e-30   3.45524806064120178e+10   1.89152275447343584e+02   1.94193189467332057e-05   9.94176054195755370e-38   3.33432609004575795e+02   2.20511866341108617e-05   9.94176054195755370e-38
4.36555597112198157e+00   3.32068315211098265e-30   3.43528698302221069e+10   1.39796084861350522e+02   1.08735559692251179e-05   1.32784014402793369e-38   2.49059415110563975e+02   1.23992567354344249e-05   1.32784014402793369e-38
4.41948070513121305e+00   1.88284101228230102e-30   3.41513595709662056e+10   1.02700355220496533e+02   6.01898942956920357e-06   1.70362513193675362e-39   1.84954615274141958e+02   6.89337395050214960e-06   1.70362513193675362e-39
4.47394739172720701e+00   1.05521677221172451e-30   3.39480465338128204e+10   7.49858494883509508e+01   3.29281174749188050e-06   2.09755197628108676e-40   1.36531261551318067e+02   3.78808024519643669e-06   2.09755197628108676e-40
4.52896147762401124e+00   5.84258860613669806e-31   3.37430192809769020e+10   5.44013621755945138e+01   1.77947913128757178e-06   2.47415701104158241e-41   1.00160928679306238e+02   2.05660716152544457e-06   2.47415701104158241e-41
4.58452846427606087e+00   3.19592559963911759e-31   3.35363615232090530e+10   3.92158517084453848e+01   9.49942855184478087e-07   2.79575147229624703e-42   7.30231080409108699e+01   1.10312589901458284e-06   2.79575147229624703e-42
4.64065390842832848e+00   1.72671323698810086e-31   3.33281535006222649e+10   2.80857834807251407e+01   5.00825131848913187e-07   3.02406674521758831e-43   5.29016570932449497e+01   5.84449950288882598e-07   3.02406674521758831e-43
4.69734342267199878e+00   9.21119390589936825e-32   3.31184854979607162e+10   1.99802952277351302e+01   2.60674203676210506e-07   3.12707529282579130e-44   3.80753099960125851e+01   3.05744970430243146e-07   3.12707529282579130e-44
4.75460267600573872e+00   4.85062062594627739e-32   3.29074388726506844e+10   1.41177104099901154e+01   1.33920881113513734e-07   3.08913787871262529e-45   2.72231683953580834e+01   1.57898298237493134e-07   3.08913787871262529e-45
4.81243739440259688e+00   2.52083194888010964e-32   3.26950872919244423e+10   9.90631309639262270e+00   6.78917184895379599e-08   2.91248483668244633e-46   1.93327294463881181e+01   8.04791380638552991e-08   2.91248483668244633e-46
4.87085336138260860e+00   1.29233909728049441e-32   3.24815115288434258e+10   6.90164497296521162e+00   3.39487187511555190e-08   2.61686954903538884e-47   1.36337436325983745e+01   4.04668001492503718e-08   2.61686954903538884e-47
4.92985641859115464e+00   6.53568970238649634e-33   3.22667923811176567e+10   4.77404622870084161e+00   1.67443511494904033e-08   2.24072541819868139e-48   9.54778598702416303e+00   2.00735876897460218e-08   2.24072541819868139e-48
4.98945246638312145e+00   3.25947900729166948e-33   3.20510048912137375e+10   3.27824923479452623e+00   8.14350121878951662e-09   1.82636324436678951e-49   6.63870910900639100e+00   9.82026083680358157e-09   1.82636324436678951e-49
5.04964746441295453e+00   1.60259504871078199e-33   3.18342126792121925e+10   2.23437357423823135e+00   3.90417649324854747e-09   1.41561320059925599e-50   4.58241718758284478e+00   4.73665802880250487e-09   1.41561320059925599e-50
5.11044743223061904e+00   7.76473094067652274e-34   3.16164977222094688e+10   1.51122454512268156e+00   1.84429506423162300e-09   1.04179227144838330e-51   3.13933135749121428e+00   2.25154901773889096e-09   1.04179227144838330e-51
5.17185844988356092e+00   3.70653068632276363e-34   3.13979311473876228e+10   1.01418523819200579e+00   8.58276707352039849e-10   7.27425365992797859e-53   2.13434967612922755e+00   1.05454626291841328e-09   7.27425365992797859e-53
5.23388665852472545e+00   1.74271312043098991e-34   3.11785784015073776e+10   6.75240944226957018e-01   3.93368495045549086e-10   4.81437178077300032e-54   1.43984964196089682e+00   4.86525422373867367e-10   4.81437178077300032e-54
5.29653826102666514e+00   8.06827482099390449e-35   3.09585031966959114e+10   4.45956019629107747e-01   1.77511868547686011e-10   3.01724701866476944e-55   9.63672559535466822e-01   2.21046047367055659e-10   3.01724701866476944e-55
5.35981952260184080e+00   3.67636423070412162e-35   3.07377792943650246e+10   2.92083306232438722e-01   7.88308629045968152e-11   1.78749947244452054e-56   6.39724262803172072e-01   9.88518819102653539e-11   1.78749947244452054e-56
5.42373677142914357e+00   1.64855798488382313e-35   3.05164712207548599e+10   1.89708503295887204e-01   3.44487991219439541e-11   1.00075489025258163e-57   4.21200059468331556e-01   4.35091395657623170e-11   1.00075489025258163e-57
5.48829639928672020e+00   7.27199740689489463e-36   3.02946349623711319e+10   1.22162321007106556e-01   1.48073132006107679e-11   5.28695287104197954e-59   2.74992719141240349e-01   1.88402496851852906e-11   5.28695287104197954e-59
5.55350486219115869e+00   3.15448343815629328e-36   3.00723357049204216e+10   7.79807477941813487e-02   6.25842201772699009e-12   2.63263758355857379e-60   1.77999724317272817e-01   8.02355410628948720e-12   2.63263758355857379e-60
5.61936868104308740e+00   1.34512071371489465e-36   2.98496377787198029e+10   4.93346121239467139e-02   2.60000088872760665e-12   1.23394873571564376e-61   1.14208051189543136e-01   3.35935625806746807e-12   1.23394873571564376e-61
5.68589444227927920e+00   5.63647898962354871e-37   2.96265999179852867e+10   3.09283154468327388e-02   1.06134870700199076e-12   5.43768461604337560e-63   7.26236828064022177e-02   1.38232959626910040e-12   5.43768461604337560e-63
5.75308879853129618e+00   2.32023671376827331e-37   2.94032686747640724e+10   1.92101909410499171e-02   4.25582334731508457e-13   2.25042428673936231e-64   4.57607632126700928e-02   5.58855390997706832e-13   2.25042428673936231e-64
5.82095846929075922e+00   9.37821796391740595e-38   2.91797112932449989e+10   1.18186435054513823e-02   1.67546516060446889e-13   8.73154727427515507e-66   2.85647993365212571e-02   2.21874150517252375e-13   8.73154727427515507e-66
5.88951024158130387e+00   3.72135638025446350e-38   2.89559828474287643e+10   7.20160627480954420e-03   6.47508141800569908e-14   3.17431959898713977e-67   1.76626030057688600e-02   8.64899015412208865e-14   3.17431959898713977e-67
5.95875097063728276e+00   1.44897864202888652e-38   2.87321324996155891e+10   4.34517180031666807e-03   2.45527097964932149e-14   1.07941733509051224e-68   1.08156724031312455e-02   3.30874573740890853e-14   1.07941733509051224e-68
6.02868758058930343e+00   5.53443044273294351e-39   2.85082091431110344e+10   2.59558084509712694e-03   9.13207936440823441e-15   3.42967735271929429e-70   6.55782833340283391e-03   1.24186106099702315e-14   3.42967735271929429e-70
6.09932706515664336e+00   2.07251457285469635e-39   2.82842710736659546e+10   1.53458233830327541e-03   3.32980525665089342e-15   1.01626273595908739e-71   3.93597256764433370e-03   4.57044674513050337e-15   1.01626273595908739e-71
6.17067648834662474e+00   7.60762247724037387e-40   2.80603676039726105e+10   8.97905390108214344e-04   1.19004145567875115e-15   2.80637584879202652e-73   2.33821115376392410e-03   1.64905648158554047e-15   2.80637584879202652e-73
6.24274298516102277e+00   2.73595652426548260e-40   2.78365394456567726e+10   5.19808534568267549e-04   4.16659472924383448e-16   7.20947162590368902e-75   1.37449161172604182e-03   5.83024222728930772e-16   7.20947162590368902e-75
6.31553376230957753e+00   9.63444358014532266e-41   2.76128378078670006e+10   2.97645144138564556e-04   1.42831502329237667e-16   1.71944816076241964e-76   7.99276493970340349e-04   2.01864924722560347e-16   1.71944816076241964e-76
6.38905609893066018e+00   3.32181661489838622e-41   2.73893119245545044e+10   1.68572181977157923e-04   4.79366990104195497e-17   3.80645324988023321e-78   4.59763052223553684e-04   6.84439693657146600e-17   3.80645324988023321e-78
6.46331734731920271e+00   1.12055885054935160e-41   2.71660059106659737e+10   9.43926248494755875e-05   1.57394733386158174e-17   7.80114947835290676e-80   2.61509310464114371e-04   2.27084715391274822e-17   7.80114947835290676e-80
6.53832493366192846e+00   3.69674677017414616e-42   2.69429528382703743e+10   5.22469474948510183e-05   5.05366877368693975e-18   1.47793641832477951e-81   1.47048466888637200e-04   7.36946351307789407e-18   1.47793641832477951e-81
6.61408635877998030e+00   1.19244295660474893e-42   2.67202055500982552e+10   2.85830299622061753e-05   1.58645277579615426e-18   2.58635965724139961e-83   8.17344417279613247e-05   2.33877087582903580e-18   2.58635965724139961e-83
6.69060919887900152e+00   3.75865489555332425e-43   2.64978050445073509e+10   1.54506981435141938e-05   4.86625566686450076e-19   4.17209270706875151e-85   4.48940152259872944e-05   7.25416833295191100e-19   4.17209270706875151e-85
6.76790110630677422e+00   1.15711964343639065e-43   2.62757868663866119e+10   8.25019533490388879e-06   1.45775396579528984e-19   6.19232774320686855e-87   2.43608984320421621e-05   2.19791119854004722e-19   6.19232774320686855e-87
6.84596981031844898e+00   3.47751206519882268e-44   2.60541873536919937e+10   4.35061607292021169e-06   4.26274332849321512e-20   8.44232160216507595e-89   1.30560686633010547e-05   6.50203431005051896e-20   8.44232160216507595e-89
6.92482311784948568e+00   1.01988335718262398e-44   2.58330507616700172e+10   2.26532230469341691e-06   1.21634908830221357e-20   1.05594479221816628e-90   6.90980869221064871e-06   1.87738219844689993e-20   1.05594479221816628e-90
7.00446891429634988e+00   2.91704823489863861e-45   2.56124133930206757e+10   1.16427994250971933e-06   3.38462585487564979e-21   1.20893234436833574e-92   3.61001579085796778e-06   5.28737452444764738e-21   1.20893234436833574e-92
7.08491516430505541e+00   8.13349835264223667e-46   2.53923031987171593e+10   5.90535421585362505e-07   9.18072646189278430e-22   1.26515944861676669e-94   1.86145549709153580e-06   1.45191459415359642e-21   1.26515944861676669e-94
7.16616991256764457e+00   2.20935613764830383e-46   2.51727593097353973e+10   2.95493670879076289e-07   2.42588926579711106e-22   1.20742654357203032e-96   9.46997357542086625e-07   3.88480608368338903e-22   1.20742654357203032e-96
7.24824128462665307e+00   5.84427717381595538e-47   2.49538178239064941e+10   1.45838936354589266e-07   6.24188732484672532e-23   1.04935856288193478e-98   4.75231133385131622e-07   1.01238857619499313e-22   1.04935856288193478e-98
7.33113748768768225e+00   1.50469323169372143e-47   2.47355102862211990e+10   7.09752052419117638e-08   1.56310400975189938e-23   8.28979188937303063e-101   2.35182200122988845e-07   2.56832427686913105e-23   8.28979188937303063e-101
7.41486681144011683e+00   3.76856628902070232e-48   2.45178591978424683e+10   3.40505216394750884e-08   3.80755410450921728e-24   5.94114557919306456e-103   1.14741985541018414e-07   6.33921661175756120e-24   5.94114557919306456e-103
7.49943762888610976e+00   9.17593220585366184e-49   2.43009045950424919e+10   1.60986193217528022e-08   9.01624580200022566e-25   3.85450407877478249e-105   5.51723520476229508e-08   1.52138395604068232e-24   3.85450407877478249e-105
7.58485839717787869e+00   2.17092355640946197e-49   2.40846754239549675e+10   7.49869484716076146e-09   2.07444592841093664e-25   2.25966742177384924e-107   2.61387530678157051e-08   3.54840748291062792e-25   2.25966742177384924e-107
7.67113765846343654e+00   4.98760580309093832e-50   2.38691962069845009e+10   3.44015169764874457e-09   4.63455915209840519e-26   1.19441853541791670e-109   1.21975937992923079e-08   8.03806742696421879e-26   1.19441853541791670e-109
7.75828404074081490e+00   1.11194070690930320e-50   2.36544925667849770e+10   1.55383156221681521e-09   1.00469249079564225e-26   5.67813128552043880e-112   5.60439144758200793e-09   1.76718048459732317e-26   5.67813128552043880e-112
7.84630625872086007e+00   2.40474534828525318e-51   2.34405969998169403e+10   6.90863247217307274e-10   2.11268365859818068e-27   2.42486638960782290e-114   2.53496922641058463e-09   3.76943997558449840e-27   2.42486638960782290e-114
7.93521311469872437e+00   5.04106862725541216e-52   2.32275348741492958e+10   3.02253229658219757e-10   4.30606110367823522e-28   9.27751374412049282e-117   1.12832820733647270e-09   7.79482218142617455e-28   9.27751374412049282e-117
8.02501349943409537e+00   1.02371801158059380e-52   2.30153238255806236e+10   1.30078649508461609e-10   8.50176318575927876e-29   3.17332084132182711e-119   4.94061580147100274e-10   1.56172986815980727e-28   3.17332084132182711e-119
8.11571639304027848e+00   2.01226579776032556e-53   2.28039927387963028e+10   5.50444220704445215e-11   1.62466448347567442e-29   9.67551874853892212e-122   2.12728401459945456e-10   3.02912774565199419e-29   9.67551874853892212e-122
8.20733086588221994e+00   3.82689231518859553e-54   2.25935668085249634e+10   2.28978893442685281e-11   3.00368611299727441e-30   2.62567216912971539e-124   9.00470086764908263e-11   5.68523925365196119e-30   2.62567216912971539e-124
8.29986607948355193e+00   7.03720091495686848e-55   2.23840671854056931e+10   9.36089745374854986e-12   5.36932024181128896e-31   6.32828048842563099e-127   3.74607453869753656e-11   1.03189339801932898e-30   6.32828048842563099e-127
8.39333128744274681e+00   1.25015077104688318e-55   2.21755080777376213e+10   3.75907650237625581e-12   9.27199744094223672e-32   1.35037028562089441e-129   1.53090638516912653e-11   1.80963025595942899e-31   1.35037028562089441e-129
8.48773583635848716e+00   2.14429806052321911e-56   2.19679183458385620e+10   1.48237976658955293e-12   1.54585737387292525e-32   2.54605305959876525e-132   6.14408995416016342e-12   3.06453069615429096e-32   2.54605305959876525e-132
8.58308916676433853e+00   3.54820679613457333e-57   2.17613176287748146e+10   5.73809008964769397e-13   2.48627042234005200e-33   4.22922518259968791e-135   2.42057113615845835e-12   5.00721292866401602e-33   4.22922518259968791e-135
8.67940081407279784e+00   5.66076514117625286e-58   2.15557210081090469e+10   2.17957760835987013e-13   3.85525076177268936e-34   6.17621185243436080e-138   9.35827281671530824e-13   7.88906855721603902e-34   6.17621185243436080e-138
8.77668040952885953e+00   8.70123123023086067e-59   2.13511457547181320e+10   8.12117289282089747e-14   5.75943455624510386e-35   7.91011336367684963e-141   3.54923368983581075e-13   1.19769988263362324e-34   7.91011336367684963e-141
8.87493768117313486e+00   1.28749068791895351e-59   2.11476145242627106e+10   2.96694966093993822e-14   8.28225466397972349e-36   8.85717121083069779e-144   1.31989055742837398e-13   1.75056970417502583e-35   8.85717121083069779e-144
8.97418245481467025e+00   1.83215059563368657e-60   2.09451438516428261e+10   1.06227836441607462e-14   1.14539320573273670e-36   8.64234699639481320e-147   4.81057944342786532e-14   2.46101189079769156e-36   8.64234699639481320e-147
9.07442465501353190e+00   2.50645446195111553e-61   2.07437431019134102e+10   3.72662714932060389e-15   1.52274747837164420e-37   7.33818833663428671e-150   1.71800156988532481e-14   3.32641814641594381e-37   7.33818833663428671e-150
