0.00000000000000000e+00   3.60075323073919037e-07   1.67575244128602585e+00   1.00000000000000000e+00   9.93125298894380393e+00   5.43799505187111842e-01   2.47028813455364542e+02
1.00501670841679491e-02   3.63847873075249539e-07   1.67593902277486895e+00   1.00475420922820602e+00   9.80910336597395194e+00   5.42837843535381559e-01   2.45289497034271363e+02
2.02013400267557763e-02   3.64030098075252574e-07   1.67613858217302214e+00   1.00946936886198380e+00   9.69072725858116257e+00   5.41886589740372737e-01   2.43607778572125511e+02
3.04545339535169379e-02   3.67753398076548312e-07   1.67632394124995709e+00   1.01414463832165191e+00   9.57526332165297056e+00   5.40949380499081922e-01   2.41958472438972933e+02
4.08107741923882106e-02   3.68107998076559995e-07   1.67651125859316563e+00   1.01877919845611542e+00   9.46307638657339822e+00   5.40024364312420291e-01   2.40354509113553632e+02
5.12710963760241167e-02   3.71796823077831949e-07   1.67669948568997840e+00   1.02337225245160646e+00   9.35404565227964113e+00   5.39111866595937683e-01   2.38793665701496593e+02
6.18365465453596386e-02   3.72318873077857180e-07   1.67688849967015208e+00   1.02792302655288204e+00   9.24807919573077086e+00   5.38212080809189475e-01   2.37274576060931395e+02
7.25081812542163195e-02   3.75978148079108921e-07   1.67707171048416592e+00   1.03243077169392383e+00   9.14492542386051177e+00   5.37325862161791123e-01   2.35790838524907059e+02
8.32870676749586369e-02   3.76657798079151780e-07   1.67724266956580403e+00   1.03689476288655880e+00   9.04435194321730584e+00   5.36453944571970154e-01   2.34336595430675601e+02
9.41742837052104154e-02   3.80302298080393441e-07   1.67742488254724442e+00   1.04131430117637747e+00   8.94686419474795613e+00   5.35594027695883268e-01   2.32929052253823357e+02
1.05170918075647490e-01   3.81139548080458692e-07   1.67760264916301716e+00   1.04568871402139019e+00   8.85199610494727018e+00   5.34747828260041747e-01   2.31554975396160955e+02
1.16278070458871285e-01   3.84769273081690220e-07   1.67777579828926116e+00   1.05001735599901735e+00   8.75967414714740222e+00   5.33915420155043896e-01   2.30213374235746471e+02
1.27496851579375736e-01   3.85764123081782151e-07   1.67795219862466327e+00   1.05429960947736379e+00   8.67001025873510933e+00   5.33096152251347211e-01   2.28909047862425268e+02
1.38828383324621774e-01   3.89383998083006960e-07   1.67811949799592730e+00   1.05853488510372951e+00   8.58265211739427514e+00   5.32291186079222101e-01   2.27632189596986734e+02
1.50273798857227137e-01   3.90531523083129570e-07   1.67828630697083381e+00   1.06272262292366282e+00   8.49773068547872512e+00   5.31499792217023481e-01   2.26388132621040569e+02
1.61834242728283062e-01   3.94151398084354378e-07   1.67845118724075348e+00   1.06686229200552751e+00   8.41514768748876385e+00   5.30722131781593665e-01   2.25174982548695795e+02
1.73510870991810284e-01   3.95446673084510713e-07   1.67861090545779579e+00   1.07095339162174641e+00   8.33477084294075432e+00   5.29958476177301185e-01   2.23989740757809983e+02
1.85304851320365449e-01   3.99076398085742241e-07   1.67877661751023255e+00   1.07499545147014675e+00   8.25677449711249523e+00   5.29207977057801648e-01   2.22839035030811829e+02
1.97217363121810152e-01   4.00514498085934817e-07   1.67893160569609945e+00   1.07898803205542904e+00   8.18074710644542691e+00   5.28471899098364228e-01   2.21711010486027504e+02
2.09249597657251485e-01   4.04158998087176478e-07   1.67909067952036040e+00   1.08293072492468934e+00   8.10693796893169250e+00   5.27749131102387081e-01   2.20614605252362310e+02
2.21402758160169855e-01   4.05739923087409318e-07   1.67924354494120776e+00   1.08682315329040557e+00   8.03507982817089328e+00   5.27040385446828963e-01   2.19542447666812933e+02
2.33678059956743178e-01   4.09404123088664418e-07   1.67939890855375151e+00   1.09066497177949784e+00   7.96529145530474203e+00   5.26345030205897180e-01   2.18499316588398983e+02
2.46076730587380776e-01   4.11122948088939827e-07   1.67954177356559775e+00   1.09445586688776242e+00   7.89722660471628046e+00   5.25663992726607687e-01   2.17475282119185664e+02
2.58600009929478070e-01   4.14816698090215141e-07   1.67969657945453021e+00   1.09819555702820781e+00   7.83130484715370834e+00   5.24995663099749321e-01   2.16484583259847824e+02
2.71249150321404731e-01   4.16673423090536719e-07   1.67984200942484740e+00   1.10188379259124480e+00   7.76706576330464227e+00   5.24341314787631574e-01   2.15513627749415548e+02
2.84025416687741394e-01   4.20391798091828991e-07   1.67997859967147867e+00   1.10552035595030684e+00   7.70447596684731106e+00   5.23700796377079114e-01   2.14562288729460761e+02
2.96930086665771809e-01   4.22391348092201950e-07   1.68011946490246467e+00   1.10910506146705434e+00   7.64373004275185419e+00   5.23073264208347655e-01   2.13637636251787200e+02
3.09964450733247521e-01   4.26144198093518536e-07   1.68026076469155083e+00   1.11263775498006812e+00   7.58470754071377762e+00   5.22458864368554154e-01   2.12736752110224586e+02
3.23129812337437095e-01   4.28281648093944864e-07   1.68039915807217333e+00   1.11611831460121258e+00   7.52730223837859125e+00   5.21857679076095371e-01   2.11857142506800784e+02
3.36427488025472288e-01   4.32068973095285764e-07   1.68052814030939190e+00   1.11954664960402162e+00   7.47135761542504895e+00   5.21269915200670897e-01   2.10994693959370210e+02
3.49858807576003183e-01   4.34344323095769167e-07   1.68065696521229202e+00   1.12292270047059950e+00   7.41699404780418181e+00   5.20694974940971500e-01   2.10154049261092865e+02
3.63425114132177818e-01   4.38175973097141418e-07   1.68078636406451754e+00   1.12624643858193596e+00   7.36418045808695432e+00   5.20132709360976886e-01   2.09335033295861990e+02
3.77127764335957183e-01   4.40589223097685389e-07   1.68091753025956847e+00   1.12951786585916114e+00   7.31289405423355898e+00   5.19582945884132008e-01   2.08537714344927906e+02
3.90968128463780484e-01   4.44465198099089838e-07   1.68104021080669286e+00   1.13273701473402499e+00   7.26292389010630046e+00   5.19046005953821665e-01   2.07756166878721899e+02
4.04947590563593973e-01   4.47016348099697766e-07   1.68116662936886940e+00   1.13590394580393195e+00   7.21443391513613719e+00   5.18521206385098576e-01   2.06996347629231849e+02
4.19067548593257566e-01   4.50941573101138039e-07   1.68128531550241522e+00   1.13901875085510640e+00   7.16719878925211518e+00   5.18008884191575092e-01   2.06251832960052639e+02
4.33329414560340576e-01   4.53630623101813416e-07   1.68140933631366596e+00   1.14208154943319951e+00   7.12139244741592670e+00   5.17508351011514933e-01   2.05528864954383465e+02
4.47734614663324759e-01   4.57605098103290148e-07   1.68151729219631130e+00   1.14509248915401352e+00   7.07663954485119717e+00   5.17020281530391257e-01   2.04816210634677816e+02
4.62284589434224902e-01   4.60432048104036787e-07   1.68163223444843735e+00   1.14805174508647467e+00   7.03327018788658265e+00   5.16543617994884907e-01   2.04125044507365914e+02
4.76980793882642917e-01   4.64470548105561433e-07   1.68175065974319371e+00   1.15095951909957095e+00   6.99119200314182798e+00   5.16078348667829423e-01   2.03453096069999646e+02
4.91824697641270570e-01   4.67425548106377433e-07   1.68185832620216202e+00   1.15381603917406883e+00   6.95015343333323177e+00   5.15624804196044284e-01   2.02793009680989172e+02
5.06817785112853691e-01   4.71528073107950947e-07   1.68196266028377717e+00   1.15662155902853514e+00   6.91023811080633266e+00   5.15182533718613223e-01   2.02148075788226095e+02
5.21961555618634110e-01   4.74620973108844984e-07   1.68207472586323625e+00   1.15937635559844487e+00   6.87157953190808879e+00   5.14751002544863057e-01   2.01523160365415606e+02
5.37257523548281712e-01   4.78787523110467736e-07   1.68217614003683491e+00   1.16208073165098669e+00   6.83387286749959522e+00   5.14330624297921646e-01   2.00909158641915894e+02
5.52707218511336418e-01   4.82013398111440106e-07   1.68227708084304606e+00   1.16473501213521513e+00   6.79724037996180375e+00   5.13920885394098304e-01   2.00310547335719946e+02
5.68312185490169153e-01   4.86253823113121886e-07   1.68237830049657999e+00   1.16733954426331499e+00   6.76166338961127611e+00   5.13521582669230092e-01   1.99727301651471038e+02
5.84073984994482043e-01   4.89612673114176822e-07   1.68247896047996059e+00   1.16989469667277235e+00   6.72710093242968732e+00   5.13132557888598018e-01   1.99158671924708472e+02
5.99994193217360472e-01   4.93926973115917049e-07   1.68257358632063991e+00   1.17240085857214837e+00   6.69344783483424610e+00   5.12753772071321112e-01   1.98601846757053693e+02
6.16074402192893666e-01   4.97418798117056986e-07   1.68266766033043158e+00   1.17485843961411485e+00   6.66075581340786727e+00   5.12384881561600780e-01   1.98059000446891019e+02
6.32316219955379344e-01   5.01811898118861878e-07   1.68275816872553041e+00   1.17726786557239516e+00   6.62895663343992148e+00   5.12025774282016344e-01   1.97528470198717457e+02
6.48721270700128416e-01   5.05436698120089993e-07   1.68284783578072861e+00   1.17962958347350444e+00   6.59806310461459944e+00   5.11676188460806647e-01   1.97011163251023873e+02
6.65291194945886843e-01   5.09913523121964604e-07   1.68293653897150475e+00   1.18194405599556718e+00   6.56804859062038915e+00   5.11335937740610480e-01   1.96506715921055616e+02
6.82027649698886851e-01   5.13671298123285239e-07   1.68302382460480215e+00   1.18421176196409639e+00   6.53888271374728003e+00   5.11004842700062190e-01   1.96014631874168543e+02
6.98932308618551046e-01   5.18231848125229569e-07   1.68310464559812178e+00   1.18643319545094772e+00   6.51047437965043141e+00   5.10682823173405076e-01   1.95532464294150088e+02
7.16006862184858761e-01   5.22122598126644310e-07   1.68318357415215014e+00   1.18860886487366346e+00   6.48286319389984200e+00   5.10369581287821061e-01   1.95061923460445684e+02
7.33253017867395718e-01   5.26776723128670479e-07   1.68326697681092430e+00   1.19073929209736962e+00   6.45611098919096005e+00   5.10064796749835736e-01   1.94605417831444583e+02
7.50672500296101441e-01   5.30800448130184728e-07   1.68334736545143349e+00   1.19282501203605396e+00   6.43009630012831490e+00   5.09768441354199409e-01   1.94159493887794071e+02
7.68267051433735526e-01   5.35548148132292736e-07   1.68342719849447486e+00   1.19486656947442005e+00   6.40483048416771439e+00   5.09480277401969106e-01   1.93724924958051901e+02
7.86038430750074069e-01   5.39704848133908397e-07   1.68350300896522653e+00   1.19686452219046835e+00   6.38024808202617333e+00   5.09200184465941064e-01   1.93300020477188212e+02
8.03988415397857370e-01   5.44546123136100573e-07   1.68357347390736090e+00   1.19881943695512527e+00   6.35631291810795140e+00   5.08927996686923345e-01   1.92884012903923832e+02
8.22118800390509552e-01   5.48840723137825243e-07   1.68364677762077863e+00   1.20073188960928001e+00   6.33311067060879385e+00   5.08663382616171056e-01   1.92480014929228162e+02
8.40431398781638084e-01   5.53780498140107700e-07   1.68371751326562280e+00   1.20260246422061901e+00   6.31055299265525438e+00   5.08406259013174378e-01   1.92085571372353115e+02
8.58928041846342527e-01   5.58208073141941299e-07   1.68378227831774541e+00   1.20443175225545218e+00   6.28857905846265819e+00   5.08156499779614523e-01   1.91699094536188255e+02
8.77610579264344048e-01   5.63256198144324569e-07   1.68385525480359366e+00   1.20622035176690434e+00   6.26734883334366533e+00   5.07913698600770180e-01   1.91326039182917697e+02
8.96480879304952127e-01   5.67816748146268899e-07   1.68392050925119952e+00   1.20796886685686466e+00   6.24664517137877695e+00   5.07677936794171947e-01   1.90959803612473536e+02
9.15540829013896884e-01   5.72968298148751421e-07   1.68398234607900288e+00   1.20967790575369305e+00   6.22650554297051517e+00   5.07448969095218194e-01   1.90601909285589500e+02
9.34792334402032132e-01   5.77666748150816300e-07   1.68404255847462458e+00   1.21134808200472976e+00   6.20693578146879599e+00   5.07226597101063770e-01   1.90252857590436264e+02
9.54237320635940023e-01   5.82931573153408501e-07   1.68410966817624619e+00   1.21298001224687502e+00   6.18802349174424027e+00   5.07010536204119955e-01   1.89915753762644215e+02
9.73877732230448379e-01   5.87762998155591627e-07   1.68416602497755274e+00   1.21457431593365106e+00   6.16953770792822542e+00   5.06800866628964841e-01   1.89583513523980088e+02
9.93715533243083149e-01   5.93141098158297318e-07   1.68422546448754651e+00   1.21613161464329478e+00   6.15163154140881741e+00   5.06597236175044929e-01   1.89261317094372316e+02
1.01375270747047752e+00   5.98110423160606817e-07   1.68427954763632393e+00   1.21765253140969576e+00   6.13418824673130025e+00   5.06399595725348095e-01   1.88945711839956402e+02
1.03399125864675145e+00   6.03606723163432110e-07   1.68433981039120573e+00   1.21913769012653916e+00   6.11733143215520769e+00   5.06207645078397994e-01   1.88640918599150893e+02
1.05443321064388851e+00   6.08713948165872110e-07   1.68439274889375001e+00   1.22058771477219552e+00   6.10088568820288923e+00   5.06021396148115477e-01   1.88341592157323248e+02
1.07508060767412372e+00   6.14328448168820817e-07   1.68444806552442472e+00   1.22200322897249025e+00   6.08495271726312037e+00   5.05840581848041260e-01   1.88051236837359085e+02
1.09593551449436566e+00   6.19573573171393331e-07   1.68449421718015935e+00   1.22338485536188180e+00   6.06938316432341729e+00   5.05665183786357719e-01   1.87765323372594082e+02
1.11700001661267567e+00   6.25311198174472519e-07   1.68454594427523330e+00   1.22473321504429533e+00   6.05433738948746925e+00   5.05494893178163762e-01   1.87489216066343118e+02
1.13827622049681976e+00   6.30699148177188105e-07   1.68459321703715181e+00   1.22604892706791446e+00   6.03968508466901355e+00   5.05329677266959987e-01   1.87218979048270597e+02
1.15976625378491605e+00   6.36559898180401055e-07   1.68464227348542561e+00   1.22733260792452503e+00   6.02548658314446239e+00   5.05169332117663905e-01   1.86956764134348077e+02
1.18147226549820195e+00   6.42095598183267521e-07   1.68469155803221682e+00   1.22858487107331893e+00   6.01171151579867757e+00   5.05013739317827670e-01   1.86701816058704793e+02
1.20339642625593779e+00   6.48079473186616881e-07   1.68473496862659999e+00   1.22980632629216280e+00   5.99827809401921108e+00   5.04862823323998455e-01   1.86451728207838556e+02
1.22554092849246876e+00   6.53762923189637615e-07   1.68478049546559960e+00   1.23099758026419659e+00   5.98526677451684996e+00   5.04716378246797048e-01   1.86209275278488491e+02
1.24790798667647218e+00   6.59874848193131508e-07   1.68482660195961387e+00   1.23215923426033824e+00   5.97264861001461433e+00   5.04574292997849505e-01   1.85973727093259015e+02
1.27049983753240703e+00   6.65706048196312334e-07   1.68486901479859785e+00   1.23329188533862544e+00   5.96036421321929311e+00   5.04436480535478404e-01   1.85743373488749114e+02
1.29331874026418392e+00   6.71946023199954784e-07   1.68490841836118532e+00   1.23439612550259814e+00   5.94841118080894837e+00   5.04302811824313690e-01   1.85518320363020536e+02
1.31636697678109282e+00   6.77929898203304143e-07   1.68494847495999522e+00   1.23547254136618245e+00   5.93682073102470920e+00   5.04173138165455503e-01   1.85299742959408121e+02
1.33964685192599209e+00   6.84302848207102323e-07   1.68498803300425792e+00   1.23652171384086107e+00   5.92556983051689290e+00   5.04047354139273374e-01   1.85087075651366206e+02
1.36316069370579607e+00   6.90439398210624027e-07   1.68502609111696544e+00   1.23754421784464097e+00   5.91463758735077327e+00   5.03925354866569308e-01   1.84879815584976370e+02
1.38691085352427779e+00   6.96945323214583547e-07   1.68506008120967832e+00   1.23854062170679668e+00   5.90398610561942672e+00   5.03807048504667065e-01   1.84676910483882011e+02
1.41089970641721107e+00   7.03239473218289427e-07   1.68509659678862445e+00   1.23951148857750182e+00   5.89367967545934857e+00   5.03692280370062417e-01   1.84480571236514663e+02
1.43512965128987569e+00   7.09883298222418094e-07   1.68513135836297612e+00   1.24045737308587256e+00   5.88366173470689180e+00   5.03580977197259916e-01   1.84289138048521920e+02
1.45960311115695118e+00   7.16384298226371607e-07   1.68516570660339227e+00   1.24137882370092800e+00   5.87393846717698676e+00   5.03473028232860331e-01   1.84102953095503722e+02
1.48432253338481779e+00   7.23121698230617794e-07   1.68519980802322489e+00   1.24227638174797339e+00   5.86450326364495389e+00   5.03368333857214689e-01   1.83921944511020456e+02
1.50929038993629927e+00   7.29780298234765117e-07   1.68523533250726243e+00   1.24315058123611233e+00   5.85536613362847369e+00   5.03266788068463145e-01   1.83746567356165912e+02
1.53450917761785588e+00   7.36660523239193023e-07   1.68526453833724954e+00   1.24400194870343062e+00   5.84643439768726481e+00   5.03168344110798027e-01   1.83573987171296096e+02
1.55998141832927306e+00   7.43476723243538180e-07   1.68529283879526748e+00   1.24483100307920913e+00   5.83775973812311921e+00   5.03072876901424548e-01   1.83405983100755691e+02
1.58570965931584773e+00   7.50509623248164266e-07   1.68532299391256157e+00   1.24563825516919024e+00   5.82936457127113528e+00   5.02980282572927817e-01   1.83243393915392971e+02
1.61169647342311917e+00   7.57488348252720040e-07   1.68535511591941112e+00   1.24642420957202460e+00   5.82124253970530869e+00   5.02890475775825130e-01   1.83086133804481733e+02
1.63794445935415434e+00   7.64668998257543381e-07   1.68538016429261184e+00   1.24718936076489917e+00   5.81328868119780573e+00   5.02803420991710825e-01   1.82930958397624863e+02
1.66445624192941866e+00   7.71815173262320438e-07   1.68541032306410066e+00   1.24793419620720036e+00   5.80562778484128206e+00   5.02718972467939174e-01   1.82781969593295543e+02
1.69123447234926427e+00   7.79148498267350958e-07   1.68543545056153277e+00   1.24865919528879887e+00   5.79814370511591637e+00   5.02637103228540494e-01   1.82635557598049076e+02
1.71828182845904731e+00   7.86462123272354168e-07   1.68546314392169894e+00   1.24936482928058123e+00   5.79091160104647429e+00   5.02557698577105860e-01   1.82494229284901621e+02
1.74560101501691856e+00   7.93953048277602533e-07   1.68548788272289962e+00   1.25005156129747630e+00   5.78386584359607436e+00   5.02480710499585759e-01   1.82355983841815714e+02
1.77319476396429998e+00   8.01434123282837296e-07   1.68551251642915378e+00   1.25071984629449195e+00   5.77703078915339940e+00   5.02406052847765072e-01   1.82221695990172378e+02
1.80106583469908132e+00   8.09087573288316924e-07   1.68553629951187256e+00   1.25137013048708567e+00   5.77039242926339657e+00   5.02333658609033562e-01   1.82091009777538858e+02
1.82921701435156159e+00   8.16741023293796553e-07   1.68556240605376462e+00   1.25200285391983224e+00   5.76397861931556843e+00   5.02263446105832290e-01   1.81964905511182764e+02
1.85765111806316563e+00   8.24556998299511574e-07   1.68558437534207584e+00   1.25261844580362425e+00   5.75771499115992125e+00   5.02195376091102319e-01   1.81841089856292314e+02
1.88637098926796032e+00   8.32382823305241044e-07   1.68560599447764337e+00   1.25321732834369848e+00   5.75163628478489741e+00   5.02129367968169094e-01   1.81720757400823828e+02
1.91537949997699863e+00   8.40366248311203077e-07   1.68562542238948776e+00   1.25379991559020398e+00   5.74571765940845314e+00   5.02065366230050714e-01   1.81603193621973446e+02
1.94467955106552592e+00   8.48369373317194854e-07   1.68564272526363301e+00   1.25436661347187006e+00   5.73999696273915028e+00   5.02003294639513986e-01   1.81489687002337831e+02
1.97427407256306786e+00   8.56525173323417105e-07   1.68566359867077864e+00   1.25491781983751038e+00   5.73444423124396607e+00   5.01943103482516917e-01   1.81379353729020096e+02
2.00416602394643517e+00   8.64710523329684185e-07   1.68568837485781531e+00   1.25545392452087579e+00   5.72905845921567636e+00   5.01884734319234305e-01   1.81272233949498997e+02
2.03435839443567756e+00   8.73038698336173007e-07   1.68570934056599686e+00   1.25597530873943852e+00   5.72383772590887663e+00   5.01828130895790259e-01   1.81168336067958990e+02
2.06485420329300418e+00   8.81401348342715312e-07   1.68572658870230185e+00   1.25648234820954241e+00   5.71873640275110517e+00   5.01773252269788084e-01   1.81066267602622105e+02
2.09565650012471405e+00   8.89911748349491400e-07   1.68574664866361390e+00   1.25697540768206273e+00   5.71381829239135541e+00   5.01720024811721288e-01   1.80968135194508221e+02
2.12676836518615842e+00   8.98451698356314541e-07   1.68575991932179470e+00   1.25745484550237085e+00   5.70897871006827007e+00   5.01668428045596859e-01   1.80870652217554834e+02
2.15819290968977029e+00   9.07149248363391738e-07   1.68577783341565879e+00   1.25792101231583175e+00   5.70433267306606417e+00   5.01618377427235917e-01   1.80777559683491774e+02
2.18993327611618716e+00   9.15876348370517258e-07   1.68579511224160483e+00   1.25837425115088819e+00   5.69982089404665970e+00   5.01569841844271114e-01   1.80687019326840726e+02
2.22199263852850271e+00   9.24761048377901811e-07   1.68581383681641706e+00   1.25881489750633113e+00   5.69546091963211154e+00   5.01522769319378336e-01   1.80599649345098129e+02
2.25437420288967383e+00   9.33675298385336063e-07   1.68582888248261220e+00   1.25924327944237047e+00   5.69119561768111204e+00   5.01477129313694259e-01   1.80513676475873950e+02
2.28708120738312104e+00   9.42747148393034959e-07   1.68584234329538374e+00   1.25965971688945721e+00   5.68704296968824785e+00   5.01432872159653376e-01   1.80429729038243551e+02
2.32011692273654990e+00   9.51858398400801075e-07   1.68585818372448459e+00   1.26006452554702886e+00   5.68304026768934190e+00   5.01389945508370682e-01   1.80349051466585905e+02
2.35348465254902672e+00   9.61122323408828051e-07   1.68587355925795834e+00   1.26045801012498848e+00   5.67915442024798267e+00   5.01348316174029862e-01   1.80270634350872740e+02
2.38718773362133785e+00   9.70430573416933018e-07   1.68588830234989362e+00   1.26084046994106713e+00   5.67538018789390364e+00   5.01307944980433406e-01   1.80194357807052228e+02
2.42122953628967652e+00   9.79886573425298662e-07   1.68589941273511368e+00   1.26121219736840162e+00   5.67168327974993769e+00   5.01268800420173410e-01   1.80119170743700096e+02
2.45561346476267861e+00   9.89401673433768576e-07   1.68591563982442683e+00   1.26157347794270858e+00   5.66815045591706834e+00   5.01230825143650360e-01   1.80047893933473318e+02
2.49034295746184409e+00   9.99049748442472993e-07   1.68592481448129883e+00   1.26192459047105676e+00   5.66465331940987404e+00   5.01194010539639523e-01   1.79976461989735611e+02
2.52542148736538552e+00   1.00877662345132286e-06   1.68594055884762328e+00   1.26226580714198477e+00   5.66132870647934006e+00   5.01158291813455836e-01   1.79909295106652905e+02
2.56085256235552405e+00   1.01862169846039122e-06   1.68594998158640097e+00   1.26259739251165448e+00   5.65804124505523287e+00   5.01123662635120870e-01   1.79842101838316808e+02
2.59663972556928480e+00   1.02856034846963248e-06   1.68596312325591535e+00   1.26291960886396981e+00   5.65489094567342221e+00   5.01090069292169815e-01   1.79778121283637688e+02
2.63278655575281295e+00   1.03861227347908315e-06   1.68597483807972592e+00   1.26323270714226976e+00   5.65182218912768786e+00   5.01057490545401052e-01   1.79715611310959304e+02
2.66929666761924755e+00   1.04876269848871961e-06   1.68598717567368750e+00   1.26353693422092594e+00   5.64885315481047012e+00   5.01025891571185822e-01   1.79655189986542837e+02
2.70617371221020209e+00   1.05902147349856572e-06   1.68599489925263168e+00   1.26383253091216075e+00   5.64592768527787392e+00   5.00995252044308392e-01   1.79595095472299960e+02
2.74342137726086621e+00   1.06939352350863078e-06   1.68600827313082169e+00   1.26411973208004946e+00   5.64314787419291708e+00   5.00965524427690712e-01   1.79538628619938379e+02
2.78104338756878455e+00   1.07986407351888628e-06   1.68601757021919574e+00   1.26439876675446250e+00   5.64041194332819007e+00   5.00936698026644867e-01   1.79482565474129785e+02
2.81904350536633919e+00   1.09045774852938270e-06   1.68602948962023880e+00   1.26466985824477995e+00   5.63778567997529745e+00   5.00908734069827721e-01   1.79429042910663526e+02
2.85742553069697847e+00   1.10114499854006810e-06   1.68603794234618998e+00   1.26493322425985588e+00   5.63520468900463634e+00   5.00881616291468434e-01   1.79376031042835933e+02
2.89619330179521883e+00   1.11196029855101175e-06   1.68604596766253700e+00   1.26518907621627541e+00   5.63269758247279206e+00   5.00855313983602057e-01   1.79324475110812045e+02
2.93535069547047689e+00   1.12287409856215431e-06   1.68605499391149660e+00   1.26543762315780861e+00   5.63027658273249365e+00   5.00829800223396404e-01   1.79274794923188665e+02
2.97490162749475262e+00   1.13391594857355809e-06   1.68606408899682414e+00   1.26567906504071725e+00   5.62792999367948532e+00   5.00805052526972050e-01   1.79226643971812166e+02
3.01485005299420550e+00   1.14506122358517938e-06   1.68607471547443910e+00   1.26591359829663230e+00   5.62567047957006672e+00   5.00781045610610542e-01   1.79180454348741790e+02
3.05519996684467898e+00   1.15632962359705959e-06   1.68608212080004627e+00   1.26614141430101346e+00   5.62344779236477077e+00   5.00757763618816187e-01   1.79134644113441908e+02
3.09595540407118008e+00   1.16770637360916766e-06   1.68608801858675972e+00   1.26636269948227098e+00   5.62127731110659301e+00   5.00735182050434546e-01   1.79089730494255861e+02
3.13712044025139658e+00   1.17921609862155958e-06   1.68609840220608809e+00   1.26657763542979129e+00   5.61921769365026691e+00   5.00713271885318778e-01   1.79047614798149198e+02
3.17869919192325057e+00   1.19082432363416693e-06   1.68610387700759490e+00   1.26678639900076373e+00   5.61717200826699692e+00   5.00692024817663617e-01   1.79005218763056405e+02
3.22069581699655672e+00   1.20258029864709742e-06   1.68611434394341564e+00   1.26698916255164629e+00   5.61523846308454111e+00   5.00671408467588286e-01   1.78965707725944554e+02
3.26311451516882212e+00   1.21442492366022201e-06   1.68612001419126112e+00   1.26718609284461436e+00   5.61331638176107806e+00   5.00651415561586099e-01   1.78925882087205679e+02
3.30595952834521079e+00   1.22642714867369870e-06   1.68612761427757274e+00   1.26737735527479356e+00   5.61147193199983185e+00   5.00632019272699069e-01   1.78887880456447164e+02
3.34923514106274567e+00   1.23851802368737690e-06   1.68613405104886982e+00   1.26756310737654299e+00   5.60967220273959910e+00   5.00613205098842107e-01   1.78850670281859323e+02
3.39294568091876148e+00   1.25076649870141313e-06   1.68613918883619984e+00   1.26774350393569368e+00   5.60791419525575296e+00   5.00594955515066942e-01   1.78814175524842113e+02
3.43709551900366961e+00   1.26311347371567326e-06   1.68614678410601937e+00   1.26791869561315051e+00   5.60623413648595559e+00   5.00577249494003285e-01   1.78779574709534273e+02
3.48168907033806985e+00   1.27561312373029145e-06   1.68615303200533129e+00   1.26808882904232822e+00   5.60459214885618007e+00   5.00560074596285598e-01   1.78745610423897972e+02
3.52673079431425762e+00   1.28821619874515342e-06   1.68615858044379863e+00   1.26825404692502230e+00   5.60299325550340210e+00   5.00543414077217252e-01   1.78712461459665434e+02
3.57222519514216419e+00   1.30097687376038696e-06   1.68616609347845237e+00   1.26841448812569380e+00   5.60146276812002242e+00   5.00527249858985335e-01   1.78680955256150838e+02
3.61817682229978566e+00   1.31383604877585606e-06   1.68616960592850651e+00   1.26857028654661264e+00   5.59993931702494940e+00   5.00511572552571171e-01   1.78649144915322381e+02
3.66459027098813106e+00   1.32686267379173394e-06   1.68617518783298381e+00   1.26872157681989073e+00   5.59848251181215062e+00   5.00496361861358929e-01   1.78618954296322386e+02
3.71147018259074635e+00   1.33999272380786429e-06   1.68618301021663108e+00   1.26886848472311220e+00   5.59709269156036093e+00   5.00481603688093357e-01   1.78590410097726533e+02
3.75882124513785953e+00   1.35328037382438083e-06   1.68618634156641001e+00   1.26901113471787053e+00   5.59570100908328349e+00   5.00467290149582134e-01   1.78561324568512447e+02
3.80664819377518437e+00   1.36668622384119591e-06   1.68619200499005606e+00   1.26914964786999196e+00   5.59437465544796275e+00   5.00453402093141153e-01   1.78533862657174978e+02
3.85495581123743936e+00   1.38024474885839679e-06   1.68619598007214822e+00   1.26928414193442496e+00   5.59307208397012801e+00   5.00439929992522625e-01   1.78506709259006328e+02
3.90374892832662823e+00   1.39393132387592114e-06   1.68620215972695520e+00   1.26941473143847028e+00   5.59183111027332647e+00   5.00426858279453102e-01   1.78481088387702130e+02
3.95303242439512115e+00   1.40776564889382792e-06   1.68620629857284854e+00   1.26954152776335305e+00   5.59060804465148031e+00   5.00414178159466649e-01   1.78455615462348902e+02
4.00281122783359322e+00   1.42173787391209475e-06   1.68621245916253115e+00   1.26966463922414108e+00   5.58944243999843682e+00   5.00401874848123485e-01   1.78431569220968356e+02
4.05309031656387386e+00   1.43585292393073452e-06   1.68621618284894637e+00   1.26978416993442034e+00   5.58828857821294989e+00   5.00389940218258333e-01   1.78407499333269811e+02
4.10387471853673169e+00   1.45011079894975379e-06   1.68621876483959920e+00   1.26990022544655279e+00   5.58715837727983544e+00   5.00378362215771144e-01   1.78383799413291143e+02
4.15516951223468745e+00   1.46452134896918469e-06   1.68622442172442821e+00   1.27001290324869509e+00   5.58609296541311728e+00   5.00367127317740468e-01   1.78361797412467439e+02
4.20697982717985486e+00   1.47906979898898728e-06   1.68622839726551188e+00   1.27012230019157113e+00   5.58504378455170514e+00   5.00356228374891909e-01   1.78339950962502712e+02
4.25931084444690544e+00   1.49377584900922139e-06   1.68623221899444742e+00   1.27022851042976126e+00   5.58402513881683138e+00   5.00345654297562836e-01   1.78318728913702358e+02
4.31216779718117316e+00   1.50862472402985257e-06   1.68623674662438661e+00   1.27033162549228207e+00   5.58304467075298216e+00   5.00335394819769075e-01   1.78298386598098517e+02
4.36555597112198157e+00   1.52363119905092203e-06   1.68624058612269390e+00   1.27043173435159829e+00   5.58208754320110589e+00   5.00325441343689059e-01   1.78278459662411336e+02
4.41948070513121305e+00   1.53878049907239451e-06   1.68624188405320186e+00   1.27052892349106594e+00   5.58113438018025398e+00   5.00315785718133399e-01   1.78258338184456136e+02
4.47394739172720701e+00   1.55410217409436087e-06   1.68624753612968492e+00   1.27062327697084010e+00   5.58025312857365474e+00   5.00306415157518947e-01   1.78240206247884487e+02
4.52896147762401124e+00   1.56955682411670828e-06   1.68624988667072806e+00   1.27071487656217097e+00   5.57936656727422609e+00   5.00297325331233167e-01   1.78221602271223588e+02
4.58452846427606087e+00   1.58519369913958636e-06   1.68625340753194686e+00   1.27080380085183808e+00   5.57851849374237219e+00   5.00288505422765484e-01   1.78203936958030965e+02
4.64065390842832848e+00   1.60097339916288588e-06   1.68625677045572497e+00   1.27089012898554055e+00   5.57769487136031472e+00   5.00279948052012591e-01   1.78186770041334398e+02
4.69734342267199878e+00   1.61692054918667932e-06   1.68625936106560581e+00   1.27097393459936314e+00   5.57688881265425085e+00   5.00271645655232522e-01   1.78169889748917257e+02
4.75460267600573872e+00   1.63302529921094768e-06   1.68626289806989615e+00   1.27105529060129707e+00   5.57611670074842447e+00   5.00263589772908412e-01   1.78153828697739073e+02
4.81243739440259688e+00   1.64929749923572415e-06   1.68626587644295078e+00   1.27113426783591388e+00   5.57536281886952700e+00   5.00255773745959642e-01   1.78138092051391567e+02
4.87085336138260860e+00   1.66573222426099393e-06   1.68626907705093587e+00   1.27121093514040373e+00   5.57463424477489156e+00   5.00248190041415075e-01   1.78122914145561424e+02
4.92985641859115464e+00   1.68233439928678558e-06   1.68627093575471054e+00   1.27128535939923504e+00   5.57391472843252078e+00   5.00240832393044621e-01   1.78107782585405317e+02
4.98945246638312145e+00   1.69910402431309954e-06   1.68627228292463660e+00   1.27135760559745981e+00   5.57321188227250719e+00   5.00233693665000478e-01   1.78092948337986456e+02
5.04964746441295453e+00   1.71605094933997109e-06   1.68627644911073715e+00   1.27142773687269273e+00   5.57255820280044034e+00   5.00226765957143216e-01   1.78079458431837395e+02
5.11044743223061904e+00   1.73316039936736328e-06   1.68627911794500895e+00   1.27149581376807919e+00   5.57191011697768346e+00   5.00220044730045998e-01   1.78065925454377805e+02
5.17185844988356092e+00   1.75045207439533930e-06   1.68628134169608024e+00   1.27156189804772501e+00   5.57127749496903224e+00   5.00213523382293412e-01   1.78052671958853381e+02
5.23388665852472545e+00   1.76791119942386155e-06   1.68628361046066266e+00   1.27162604609565921e+00   5.57066462610311675e+00   5.00207195756193990e-01   1.78039841705642630e+02
5.29653826102666514e+00   1.78555254945298309e-06   1.68628449933145097e+00   1.27168831418141126e+00   5.57005677775533048e+00   5.00201056582725734e-01   1.78026969553595166e+02
5.35981952260184080e+00   1.80337119948268934e-06   1.68628690873753406e+00   1.27174875696373713e+00   5.56948223020648125e+00   5.00195099200778315e-01   1.78014966578899447e+02
5.42373677142914357e+00   1.82137207451301034e-06   1.68628922485398380e+00   1.27180742753544895e+00   5.56892440351344664e+00   5.00189318764698299e-01   1.78003308145236957e+02
5.48829639928672020e+00   1.83955517454394609e-06   1.68629204993490522e+00   1.27186437746708769e+00   5.56838876088466872e+00   5.00183709798661780e-01   1.77992174814574952e+02
5.55350486219115869e+00   1.85792049957550654e-06   1.68629372854877868e+00   1.27191965684944974e+00   5.56785835243666849e+00   5.00178267726669401e-01   1.77981029754992363e+02
5.61936868104308740e+00   1.87647297460771412e-06   1.68629491661511288e+00   1.27197331433499738e+00   5.56733920791043158e+00   5.00172987350064657e-01   1.77970071311353706e+02
5.68589444227927920e+00   1.89521752464058975e-06   1.68629840114963336e+00   1.27202539609921184e+00   5.56685852576922802e+00   5.00167863007358715e-01   1.77960175062106401e+02
5.75308879853129618e+00   1.91414429967411106e-06   1.68630018726629083e+00   1.27207595082104152e+00   5.56637617498629744e+00   5.00162891250911401e-01   1.77950061884544851e+02
5.82095846929075922e+00   1.93326807470834210e-06   1.68630101052026737e+00   1.27212502122654203e+00   5.56589901665606490e+00   5.00158067298748565e-01   1.77939956247495019e+02
5.88951024158130387e+00   1.95258392474327001e-06   1.68630340985421556e+00   1.27217265063537699e+00   5.56545181631976682e+00   5.00153386038916459e-01   1.77930655411797460e+02
5.95875097063728276e+00   1.97209677477891253e-06   1.68630575831458951e+00   1.27221888111602066e+00   5.56501801450748967e+00   5.00148843679901978e-01   1.77921634093977474e+02
6.02868758058930343e+00   1.99180169981525190e-06   1.68630635178291999e+00   1.27226375352125221e+00   5.56458026879140011e+00   5.00144436525294389e-01   1.77912341815188626e+02
6.09932706515664336e+00   2.01171347485235497e-06   1.68630788061787018e+00   1.27230730752268828e+00   5.56416488971173084e+00   5.00140159851710786e-01   1.77903624854246885e+02
6.17067648834662474e+00   2.03182224989020611e-06   1.68631057370571491e+00   1.27234958164438128e+00   5.56377375734733981e+00   5.00136009735026033e-01   1.77895547583873594e+02
6.24274298516102277e+00   2.05213294992882393e-06   1.68631080617051654e+00   1.27239061329549985e+00   5.56337054523505792e+00   5.00131983279286096e-01   1.77886951640327169e+02
6.31553376230957753e+00   2.07265542496824564e-06   1.68631308835779259e+00   1.27243043880211282e+00   5.56299962174279727e+00   5.00128075742162004e-01   1.77879260768863816e+02
6.38905609893066018e+00   2.09337490000841543e-06   1.68631356353036965e+00   1.27246909266714758e+00   5.56262238955042765e+00   5.00124284468980274e-01   1.77871243694331611e+02
6.46331734731920271e+00   2.11431600004946105e-06   1.68631483479522393e+00   1.27250661122851016e+00   5.56226431738793092e+00   5.00120605419299924e-01   1.77863719137611071e+02
6.53832493366192846e+00   2.13545902509130724e-06   1.68631692120073695e+00   1.27254302630220706e+00   5.56192525863383036e+00   5.00117035262975129e-01   1.77856686016107147e+02
6.61408635877998030e+00   2.15684830013413034e-06   1.68631742973008825e+00   1.27257837020755593e+00   5.56158114811745108e+00   5.00113571257808753e-01   1.77849377744754065e+02
6.69060919887900152e+00   2.17840010017759794e-06   1.68632005086325476e+00   1.27261267432339520e+00   5.56126829608115791e+00   5.00110209504278869e-01   1.77842959644906045e+02
6.76790110630677422e+00   2.20021785022215035e-06   1.68632116517029251e+00   1.27264596911520100e+00   5.56095050503039356e+00   5.00106947678572222e-01   1.77836276688803622e+02
6.84596981031844898e+00   2.22220797526741582e-06   1.68632178524967791e+00   1.27267828416144280e+00   5.56063751703226306e+00   5.00103782607196234e-01   1.77829643814537661e+02
6.92482311784948568e+00   2.24446897531380164e-06   1.68632324590084814e+00   1.27270964817920418e+00   5.56034227020337113e+00   5.00100711170964329e-01   1.77823478137398155e+02
7.00446891429634988e+00   2.26690727536092040e-06   1.68632462169650044e+00   1.27274008904908009e+00   5.56005531747405257e+00   5.00097730758707892e-01   1.77817480353583164e+02
7.08491516430505541e+00   2.28961645040918703e-06   1.68632532189305184e+00   1.27276963387596176e+00   5.55977053851343594e+00   5.00094838765947736e-01   1.77811457524328290e+02
7.16616991256764457e+00   2.31251277545825939e-06   1.68632634104626211e+00   1.27279830826154772e+00   5.55949752297077548e+00   5.00092032397236430e-01   1.77805719342302950e+02
7.24824128462665307e+00   2.33567997550849784e-06   1.68632694602686306e+00   1.27282613945586487e+00   5.55922875612415002e+00   5.00089309230049461e-01   1.77800028075406487e+02
7.33113748768768225e+00   2.35904417555958473e-06   1.68632817915132560e+00   1.27285315101741858e+00   5.55897431308662604e+00   5.00086666629580567e-01   1.77794708783624884e+02
7.41486681144011683e+00   2.38267925061186863e-06   1.68632917228004109e+00   1.27287936701670601e+00   5.55872535772820431e+00   5.00084102340133008e-01   1.77789481287398189e+02
7.49943762888610976e+00   2.40652117566507799e-06   1.68633101470633284e+00   1.27290481081962881e+00   5.55849244230790429e+00   5.00081613876961151e-01   1.77784685757953639e+02
7.58485839717787869e+00   2.43062905071947719e-06   1.68633096423594697e+00   1.27292950510807690e+00   5.55824819419996352e+00   5.00079199383837825e-01   1.77779448695368529e+02
7.67113765846343654e+00   2.45495855077486827e-06   1.68633198901187731e+00   1.27295347189991848e+00   5.55802177870989667e+00   5.00076856243734658e-01   1.77774705740254717e+02
7.75828404074081490e+00   2.47955400083148941e-06   1.68633286713628561e+00   1.27297673256842225e+00   5.55780088725471177e+00   5.00074582510723120e-01   1.77770065298492057e+02
7.84630625872086007e+00   2.50437600088916254e-06   1.68633318746908123e+00   1.27299930786111681e+00   5.55758124517496555e+00   5.00072376177554845e-01   1.77765392792983249e+02
7.93521311469872437e+00   2.52947380094811651e-06   1.68633507208565159e+00   1.27302121688759562e+00   5.55738365386457733e+00   5.00070234975308003e-01   1.77761356013813355e+02
8.02501349943409537e+00   2.55479815100813347e-06   1.68633632313555748e+00   1.27304248185041180e+00   5.55718616745464011e+00   5.00068157250525003e-01   1.77757254774554752e+02
8.11571639304027848e+00   2.58039830106947785e-06   1.68633579928132815e+00   1.27306311997243049e+00   5.55697730575442073e+00   5.00066141250373852e-01   1.77752723727998216e+02
8.20733086588221994e+00   2.60624470113200752e-06   1.68633792442683439e+00   1.27308314970097713e+00   5.55680066007468820e+00   5.00064184626525354e-01   1.77749159754203248e+02
8.29986607948355193e+00   2.63235705119581723e-06   1.68633803221174916e+00   1.27310258894066219e+00   5.55660988165504399e+00   5.00062286153862168e-01   1.77745081592732731e+02
8.39333128744274681e+00   2.65873042626091844e-06   1.68633912513778039e+00   1.27312145506940300e+00   5.55643450495972235e+00   5.00060443771833119e-01   1.77741436189078854e+02
8.48773583635848716e+00   2.68536975132734458e-06   1.68633956724780876e+00   1.27313976495398951e+00   5.55625817789971244e+00   5.00058655994730539e-01   1.77737702064076103e+02
8.58308916676433853e+00   2.71227502639509608e-06   1.68633924103397725e+00   1.27315753496519002e+00   5.55607957714015921e+00   5.00056921211730843e-01   1.77733838605125413e+02
8.67940081407279784e+00   2.73946102646426560e-06   1.68634116184178473e+00   1.27317478099241566e+00   5.55592837140837315e+00   5.00055237550972809e-01   1.77730796893632373e+02
8.77668040952885953e+00   2.76690805153477998e-06   1.68634193657433440e+00   1.27319151845795719e+00   5.55577084489696471e+00   5.00053603834194393e-01   1.77727499655819258e+02
8.87493768117313486e+00   2.79464072660676615e-06   1.68634164460115277e+00   1.27320776139453185e+00   5.55560763620538456e+00   5.00052018567330503e-01   1.77723968910007926e+02
8.97418245481467025e+00   2.82264920168017799e-06   1.68634294682545605e+00   1.27322352677298678e+00   5.55546491672056675e+00   5.00050480069704761e-01   1.77721043676333551e+02
9.07442465501353190e+00   2.85093840175508366e-06   1.68634274161838960e+00   1.27323882706131553e+00   5.55531187506887747e+00   5.00048987234446130e-01   1.77717739480885911e+02
9.17567430607327950e+00   2.87951817683153605e-06   1.68634379459538675e+00   1.27325367597132466e+00   5.55517572433649143e+00   5.00047538466794395e-01   1.77714928587797715e+02
9.27794153304338920e+00   2.90837867690948227e-06   1.68634432525729738e+00   1.27326808680956582e+00   5.55503872569325274e+00   5.00046132613710337e-01   1.77712044756850077e+02
9.38123656273178419e+00   2.93753467698904759e-06   1.68634422423670993e+00   1.27328207248943093e+00   5.55489967088116376e+00   5.00044768409995899e-01   1.77709050684227378e+02
9.48556972472750992e+00   2.96698125207020834e-06   1.68634458572751167e+00   1.27329564554289454e+00   5.55476925523181286e+00   5.00043444534297388e-01   1.77706289940359397e+02
9.59095145243371228e+00   2.99672825215301865e-06   1.68634519825600138e+00   1.27330881813190722e+00   5.55464526714627915e+00   5.00042159810089926e-01   1.77703693034558427e+02
9.69739228411098253e+00   3.02677075223749509e-06   1.68634571571032010e+00   1.27332160205944955e+00   5.55452416791282921e+00   5.00040913104072171e-01   1.77701147970340031e+02
9.80490286393118637e+00   3.05712352732372776e-06   1.68634730168987401e+00   1.27333400878025849e+00   5.55441734753905259e+00   5.00039703207620589e-01   1.77699020433168414e+02
9.91349394304189779e+00   3.08776687741160541e-06   1.68634677004728362e+00   1.27334604850522237e+00   5.55429319852380043e+00   5.00038529253539976e-01   1.77696300152381070e+02
1.00231763806415231e+01   3.11874020250139843e-06   1.68634813153140239e+00   1.27335773440003286e+00   5.55419126304064825e+00   5.00037389901919593e-01   1.77694253611932112e+02
1.01339611450652214e+01   3.14999917759285635e-06   1.68634800303703036e+00   1.27336907533819876e+00   5.55407799463934460e+00   5.00036284354077321e-01   1.77691808426138579e+02
1.02458593148817609e+01   3.18160290268632528e-06   1.68634913208521486e+00   1.27338008150584803e+00   5.55398045182449884e+00   5.00035211431172133e-01   1.77689831534989480e+02
1.03588820800013686e+01   3.21349227778150781e-06   1.68634934894580102e+00   1.27339076278668761e+00   5.55387709028821064e+00   5.00034170303853776e-01   1.77687634556745252e+02
