0.00000000000000000e+00   5.08790093582170721e-19   0.00000000000000000e+00   0.00000000000000000e+00   0.00000000000000000e+00   0.00000000000000000e+00   0.00000000000000000e+00   0.00000000000000000e+00   0.00000000000000000e+00
1.00501670841679491e-02   5.02659906287706248e-19   8.89667906278095953e+06   4.24775335899658676e+04   3.55427742056732723e+03   5.27981740023966850e+00   4.97082837801602727e+04   3.56960364794947191e+03   5.27981740023966850e+00
2.02013400267557763e-02   4.96430886453349148e-19   3.59607336582753807e+07   1.70692292332719895e+05   1.41107594841093560e+04   1.99690089361893079e+01   1.99622291707259952e+05   1.41709694735597823e+04   1.99690089361893079e+01
3.04545339535169379e-02   4.90122472374433519e-19   8.17489966639594883e+07   3.85695486033748835e+05   3.14941900094121447e+04   4.24185634336128103e+01   4.50780793020187353e+05   3.16272373531044032e+04   4.24185634336128103e+01
4.08107741923882106e-02   4.83724623251492106e-19   1.46811890658994228e+08   6.88360622747752350e+05   5.55066519130083761e+04   7.10760960825922012e+01   8.04011590719275526e+05   5.57389279261448173e+04   7.10760960825922012e+01
5.12710963760241167e-02   4.77239199733472325e-19   2.31692394184200346e+08   1.07937661384931719e+06   8.59285511260399653e+04   1.04494855795546499e+02   1.25992483878605836e+06   8.62849344422813592e+04   1.04494855795546499e+02
6.18365465453596386e-02   4.70667583731702532e-19   3.36924999114039123e+08   1.55923738040492847e+06   1.22518762475822441e+05   1.41336608336849167e+02   1.81890186207209527e+06   1.23022669221831835e+05   1.41336608336849167e+02
7.25081812542163195e-02   4.64015795511567904e-19   4.63034662314845443e+08   2.12824262782427156e+06   1.65017394372949260e+05   1.80383861577464842e+02   2.48109823613843787e+06   1.65690842303595186e+05   1.80383861577464842e+02
8.32870676749586369e-02   4.57289946720864126e-19   6.10535754887189269e+08   2.78649208988363575e+06   2.13146854319762817e+05   2.20541148455133140e+02   3.24643836322807567e+06   2.14010527604288189e+05   2.20541148455133140e+02
9.41742837052104154e-02   4.50475535785073123e-19   7.79931012399096370e+08   3.53380342949388269e+06   2.66596218296085892e+05   2.60774776292007289e+02   4.11451354932502983e+06   2.67669444530835433e+05   2.60774776292007289e+02
1.05170918075647490e-01   4.43585401555965172e-19   9.71710489609611034e+08   4.36983742820375785e+06   3.25051925803107093e+05   3.00227800485754585e+02   5.08474292947505508e+06   3.26352814002286468e+05   3.00227800485754585e+02
1.16278070458871285e-01   4.36621800373697951e-19   1.18635052325766301e+09   5.29399719218583498e+06   3.88177570609004877e+05   3.38135059181107692e+02   6.15624746171552874e+06   3.89723030013445124e+05   3.38135059181107692e+02
1.27496851579375736e-01   4.29581571162110769e-19   1.42431270654799509e+09   6.30540501334179286e+06   4.55612154915366496e+05   3.73817928381420074e+02   7.32782335511270072e+06   4.57417902339230815e+05   3.73817928381420074e+02
1.38828383324621774e-01   4.22475788551985037e-19   1.68604287900352979e+09   7.40302635610536020e+06   5.26998149376340443e+05   4.06763988940122829e+02   8.59809936014197208e+06   5.29078841016308405e+05   4.06763988940122829e+02
1.50273798857227137e-01   4.15301133685369782e-19   1.97197013537044168e+09   8.58547453012663312e+06   6.01943643278823583e+05   4.36503051619507062e+02   9.96529390266360715e+06   6.04312816310367081e+05   4.36503051619507062e+02
1.61834242728283062e-01   4.08061457255505586e-19   2.28250585725827599e+09   9.85115059819763340e+06   6.80053551549803349e+05   4.62693700908271069e+02   1.14273921780648325e+07   6.82723702645965386e+05   4.62693700908271069e+02
1.73510870991810284e-01   4.00762037430380466e-19   2.61804277117175055e+09   1.11982170117428768e+07   7.60925900873473147e+05   4.85097617718249751e+02   1.29821143506383151e+07   7.63908531382840709e+05   4.85097617718249751e+02
1.85304851320365449e-01   3.93398363776523443e-19   2.97895403654332876e+09   1.26244295113487002e+07   8.44122790106956731e+05   5.03504210238100654e+02   1.46267095274068378e+07   8.47428320598674589e+05   5.03504210238100654e+02
1.97217363121810152e-01   3.85985426035629766e-19   3.36559236730555344e+09   1.41275622239561193e+07   9.29251241893412662e+05   5.17902841708093547e+02   1.63584822138721608e+07   9.32889244799373322e+05   5.17902841708093547e+02
2.09249597657251485e-01   3.78516575634741448e-19   3.77828919045050192e+09   1.57047748769107834e+07   1.01584894702044211e+06   5.28220335157874956e+02   1.81740131917901114e+07   1.01982790451898635e+06   5.28220335157874956e+02
2.21402758160169855e-01   3.71002702362557889e-19   4.21735384490963745e+09   1.73532647456575707e+07   1.10350419171253266e+06   5.34563259732222946e+02   2.00699635428692326e+07   1.10783171745296638e+06   5.34563259732222946e+02
2.33678059956743178e-01   3.63441786194703940e-19   4.68307282395184231e+09   1.90696924931612164e+07   1.19175595691902726e+06   5.37009102085816608e+02   2.20423708717668653e+07   1.19643861825145385e+06   5.37009102085816608e+02
2.46076730587380776e-01   3.55848243103886401e-19   5.17570906414137936e+09   2.08508663674192987e+07   1.28021189681257633e+06   5.35802266624722506e+02   2.40874863824546672e+07   1.28525546191553725e+06   5.35802266624722506e+02
2.58600009929478070e-01   3.48209717071128182e-19   5.69550128372114277e+09   2.26925745434399284e+07   1.36835687029870600e+06   5.31036831234323131e+02   2.62003538135998845e+07   1.37376585503567429e+06   5.31036831234323131e+02
2.71249150321404731e-01   3.40545256486243980e-19   6.24266337309147453e+09   2.45912675799600668e+07   1.45582883268450620e+06   5.23069989828357279e+02   2.83768562268828750e+07   1.46160701549008791e+06   5.23069989828357279e+02
2.84025416687741394e-01   3.32859111484465224e-19   6.81738383984141159e+09   2.65427497118288316e+07   1.54220517632909166e+06   5.12179185883630453e+02   3.06121240999425761e+07   1.54835534132546722e+06   5.12179185883630453e+02
2.96930086665771809e-01   3.25147286042902326e-19   7.41982531056066322e+09   2.85422039672553018e+07   1.62701508372009266e+06   4.98601231377406862e+02   3.29005723991310298e+07   1.63353881675505568e+06   4.98601231377406862e+02
3.09964450733247521e-01   3.17417416959863063e-19   8.05012409141553974e+09   3.05849981660406552e+07   1.70986276834993600e+06   4.82672468613224396e+02   3.52368734201309159e+07   1.71676065505000413e+06   4.82672468613224396e+02
3.23129812337437095e-01   3.09676910042863006e-19   8.70838978921588898e+09   3.26662997170171812e+07   1.79036658388630999e+06   4.64734342699820047e+02   3.76154896250052229e+07   1.79763818902152544e+06   4.64734342699820047e+02
3.36427488025472288e-01   3.01935329296874322e-19   9.39470499443074417e+09   3.47812283797232285e+07   1.86817988791953609e+06   4.45143328924996922e+02   4.00308556653103679e+07   1.87582379397849110e+06   4.45143328924996922e+02
3.49858807576003183e-01   2.94192005138292882e-19   1.01091250273337555e+10   3.69241230495108441e+07   1.94289139400951867e+06   4.24179618250961937e+02   4.24765028649475649e+07   1.95090491997696320e+06   4.24179618250961937e+02
3.63425114132177818e-01   2.86452077674656765e-19   1.08516777481733360e+10   3.90894092025211453e+07   2.01414735716747073e+06   4.02156547201093929e+02   4.49460975903606862e+07   2.02252666278499039e+06   4.02156547201093929e+02
3.77127764335957183e-01   2.78720533511281388e-19   1.16223634319741478e+10   4.12713088571153060e+07   2.08161024197592423e+06   3.79373779463765686e+02   4.74330930594516993e+07   2.09035029470539512e+06   3.79373779463765686e+02
3.90968128463780484e-01   2.71009732708036598e-19   1.24211547082820892e+10   4.34644802361974195e+07   2.14503706566578988e+06   3.56159641605541935e+02   4.99314854534271136e+07   2.15413184660431696e+06   3.56159641605541935e+02
4.04947590563593973e-01   2.63317820334975752e-19   1.32479965658721085e+10   4.56623218840956092e+07   2.20406760537668131e+06   3.32733580306447891e+02   5.24338043180520162e+07   2.21350965955949109e+06   3.32733580306447891e+02
4.19067548593257566e-01   2.55657996063839132e-19   1.41028064221465683e+10   4.78593722176368907e+07   2.25851951882346626e+06   3.09384144057809635e+02   5.49339512451955751e+07   2.26830041736344621e+06   3.09384144057809635e+02
4.33329414560340576e-01   2.48028223248123972e-19   1.49854742566613922e+10   5.00486630717138723e+07   2.30806971627813298e+06   2.86288041180530854e+02   5.74240734266504422e+07   2.31817953653516201e+06   2.86288041180530854e+02
4.47734614663324759e-01   2.40447687720297893e-19   1.58958628079366550e+10   5.22253236205972359e+07   2.35266915743070468e+06   2.63711480533826489e+02   5.98988050956849381e+07   2.36309724575606594e+06   2.63711480533826489e+02
4.62284589434224902e-01   2.32908505298429741e-19   1.68338078324307480e+10   5.43815264770533517e+07   2.39197158829583321e+06   2.41753194573088479e+02   6.23493264190020710e+07   2.40270556132022897e+06   2.41753194573088479e+02
4.76980793882642917e-01   2.25419130862144674e-19   1.77991184242930298e+10   5.65110876744991690e+07   2.42585072771245334e+06   2.20574129659317094e+02   6.47687677497771606e+07   2.43687707422306994e+06   2.20574129659317094e+02
4.91824697641270570e-01   2.17994126027851905e-19   1.87915773942557793e+10   5.86087649011166096e+07   2.45430243370448705e+06   2.00332462989244675e+02   6.71513701529359072e+07   2.46560682949839532e+06   2.00332462989244675e+02
5.06817785112853691e-01   2.10635217724671038e-19   1.98109417057836571e+10   6.06677064575732276e+07   2.47718155267995130e+06   1.81103065332310024e+02   6.94895054563141912e+07   2.48874835585551709e+06   1.81103065332310024e+02
5.21961555618634110e-01   2.03342330179192449e-19   2.08569429663734665e+10   6.26806339248969629e+07   2.49433533834599238e+06   1.62936038068876655e+02   7.17750653732438982e+07   2.50614749800587166e+06   1.62936038068876655e+02
5.37257523548281712e-01   1.96131953021582701e-19   2.19292879716868172e+10   6.46429812705161273e+07   2.50589383469071519e+06   1.45920941686366575e+02   7.40031025158367604e+07   2.51793374810036225e+06   1.45920941686366575e+02
5.52707218511336418e-01   1.89004381623087682e-19   2.30276593000052414e+10   6.65477261142736673e+07   2.51177316158315493e+06   1.30066863750097070e+02   7.61658199666643888e+07   2.52402194399636937e+06   1.30066863750097070e+02
5.68312185490169153e-01   1.81965219052818787e-19   2.41517159543194199e+10   6.83887763489950746e+07   2.51199887566749845e+06   1.15385384885779260e+02   7.82565068651041240e+07   2.52443667548463913e+06   1.15385384885779260e+02
5.84073984994482043e-01   1.75020824258785432e-19   2.53010940492124138e+10   7.01603504227241576e+07   2.50664049719498353e+06   1.01873991929406543e+02   8.02688130157054812e+07   2.51924661442256300e+06   1.01873991929406543e+02
5.99994193217360472e-01   1.68179756229779461e-19   2.64754075395585480e+10   7.18573997422570139e+07   2.49584035804348206e+06   8.95205153687416839e+01   8.21972312435616553e+07   2.50859347707643174e+06   8.95205153687416839e+01
6.16074402192893666e-01   1.61444744400572756e-19   2.76742489879410820e+10   7.34738491029834449e+07   2.47966686597307306e+06   7.82858478490510521e+01   8.40350667055169493e+07   2.49254479391011270e+06   7.82858478490510521e+01
6.32316219955379344e-01   1.54822722963070042e-19   2.88971903676014214e+10   7.50048167587450892e+07   2.45829408700884739e+06   6.81313116564846410e+01   8.57769940012693703e+07   2.47127411843229970e+06   6.81313116564846410e+01
6.48721270700128416e-01   1.48317587199142242e-19   3.01437838976521263e+10   7.64449729682172686e+07   2.43186713246593764e+06   5.90037313079127870e+01   8.74171643016648442e+07   2.44492595648652641e+06   5.90037313079127870e+01
6.65291194945886843e-01   1.41934472648547721e-19   3.14135629072331963e+10   7.77895963747048229e+07   2.40058178559752926e+06   5.08466936374711622e+01   8.89504179917518497e+07   2.41369568316077767e+06   5.08466936374711622e+01
6.82027649698886851e-01   1.35678439476329614e-19   3.27060427252575188e+10   7.90343114135050327e+07   2.36465933500458393e+06   4.35991867891243103e+01   9.03719791479961276e+07   2.37780430028257240e+06   4.35991867891243103e+01
6.98932308618551046e-01   1.29556305043400474e-19   3.40207215923732986e+10   8.01757477962858528e+07   2.32438584418956563e+06   3.71994171645638829e+01   9.16782060147413760e+07   2.33753787094462104e+06   3.71994171645638829e+01
7.16006862184858761e-01   1.23570279683895714e-19   3.53570815917774811e+10   8.12095068676587939e+07   2.27997290929941041e+06   3.15780028118276661e+01   9.28642638764512241e+07   2.29310775278956862e+06   3.15780028118276661e+01
7.33253017867395718e-01   1.17721777944285927e-19   3.67145895955343018e+10   8.21311734768511653e+07   2.23163172489836765e+06   2.66659963726879852e+01   9.39252850695681721e+07   2.24472493647005502e+06   2.66659963726879852e+01
7.50672500296101441e-01   1.12017813627064946e-19   3.80926982230953293e+10   8.29388344259327799e+07   2.17972115537438961e+06   2.24015028514476064e+01   9.48592358406282663e+07   2.19274873241671920e+06   2.24015028514476064e+01
7.68267051433735526e-01   1.06460849427866723e-19   3.94908468087688370e+10   8.36294517369613796e+07   2.12451672196322074e+06   1.87197141953378043e+01   9.56627768711312860e+07   2.13745484676606907e+06   1.87197141953378043e+01
7.86038430750074069e-01   1.01055389152595551e-19   4.09084623749630966e+10   8.42013658673385233e+07   2.06635995751493028e+06   1.55603280879546020e+01   9.63341146346330345e+07   2.07918534976346814e+06   1.55603280879546020e+01
8.03988415397857370e-01   9.58046499468608751e-20   4.23449606081099854e+10   8.46530218868507296e+07   2.00557875790253747e+06   1.28651823438726023e+01   9.68715485289313793e+07   2.01826870901433751e+06   1.28651823438726023e+01
8.22118800390509552e-01   9.07080941704464064e-20   4.37997468342747498e+10   8.49816001862764060e+07   1.94241927099696686e+06   1.05779926239144881e+01   9.72719179057027698e+07   1.95495136626133486e+06   1.05779926239144881e+01
8.40431398781638084e-01   8.57698580087149647e-20   4.52722169915689011e+10   8.51870894974410981e+07   1.87725637539631082e+06   8.64939598442866675e+00   9.75352253464327753e+07   1.88960915661536087e+06   8.64939598442866675e+00
8.58928041846342527e-01   8.09927909070331977e-20   4.67617585966042099e+10   8.52696364252304286e+07   1.81044498144439049e+06   7.03323811809988264e+00   9.76616230947034061e+07   1.82259797424420831e+06   7.03323811809988264e+00
8.77610579264344048e-01   7.63736802626149550e-20   4.82677517023565750e+10   8.52265045995424688e+07   1.74218560218662955e+06   5.68556492241412137e+00   9.76479712525325119e+07   1.75411868126357207e+06   5.68556492241412137e+00
8.96480879304952127e-01   7.19187397596381316e-20   4.97895698449410934e+10   8.50611021676276773e+07   1.67293753305111802e+06   4.57005734624564131e+00   9.74980631825656295e+07   1.68463227068043174e+06   4.57005734624564131e+00
9.15540829013896884e-01   6.76271583719053660e-20   5.13265809769552078e+10   8.47734808944863230e+07   1.60297693363563973e+06   3.65200850997571536e+00   9.72118623132671416e+07   1.61441584150613635e+06   3.65200850997571536e+00
9.34792334402032132e-01   6.34986612197877798e-20   5.28781483851860275e+10   8.43645872965672910e+07   1.53259555598124932e+06   2.90103327870808636e+00   9.67903194692242891e+07   1.54376226690845052e+06   2.90103327870808636e+00
9.54237320635940023e-01   5.95309045950138238e-20   5.44436315906366806e+10   8.38344065074102581e+07   1.46202542934846110e+06   2.29022199906790735e+00   9.62332740443826914e+07   1.47290448789663753e+06   2.29022199906790735e+00
9.73877732230448379e-01   5.57282023951831570e-20   5.60223872289844894e+10   8.31887094823151827e+07   1.39169041219371813e+06   1.79723658885819493e+00   9.55470800725895911e+07   1.40226842388108303e+06   1.79723658885819493e+00
9.93715533243083149e-01   5.20860654291185648e-20   5.76137699097389526e+10   8.24272533678745925e+07   1.32175771298074676e+06   1.40147143757430759e+00   9.47312702905727327e+07   1.33202208717561187e+06   1.40147143757430759e+00
1.01375270747047752e+00   4.86054093549616962e-20   5.92171330525294037e+10   8.15548060626995116e+07   1.25254859349754290e+06   1.08602678051493262e+00   9.37910172206878215e+07   1.26248850554668764e+06   1.08602678051493262e+00
1.03399125864675145e+00   4.52820493026734309e-20   6.08318296991094742e+10   8.05723278804419488e+07   1.18422669451472047e+06   8.36052845492576635e-01   9.27271712076070160e+07   1.19383230403170409e+06   8.36052845492576635e-01
1.05443321064388851e+00   4.21171600239025876e-20   6.24572132998231964e+10   7.94864785190207660e+07   1.11711168635960459e+06   6.39487855102789826e-01   9.15470007902145535e+07   1.12637516947473935e+06   6.39487855102789826e-01
1.07508060767412372e+00   3.91064351874791279e-20   6.40926384734322433e+10   7.82993322289972305e+07   1.05134875612023566e+06   4.85855504469628330e-01   9.02525783215276599e+07   1.06026338578729075e+06   4.85855504469628330e-01
1.09593551449436566e+00   3.62496109916546807e-20   6.57374617393550339e+10   7.70178767417720556e+07   9.87199895787752001e+05   3.66701303080197161e-01   8.88515109905412197e+07   9.95760875333125237e+05   3.66701303080197161e-01
1.11700001661267567e+00   3.35410377384337012e-20   6.73910422215203400e+10   7.56437260390352458e+07   9.24748618666938739e+05   2.74832917764342544e-01   8.73453236900120080e+07   9.32952059179962846e+05   2.74832917764342544e-01
1.13827622049681976e+00   3.09794713894334983e-20   6.90527423231731720e+10   7.41841585829841644e+07   8.64207113068436505e+05   2.04557720770511875e-01   8.57419300641325712e+07   8.72050961864132667e+05   2.04557720770511875e-01
1.15976625378491605e+00   2.85604732243855632e-20   7.07219283721186829e+10   7.26431857038170844e+07   8.05675086605705204e+05   1.51162898182461702e-01   8.40455453562371880e+07   8.13158487252884195e+05   1.51162898182461702e-01
1.18147226549820195e+00   2.62807328418144726e-20   7.23979712360158997e+10   7.10267561800905615e+07   7.49276853766746121e+05   1.10896462504564128e-01   8.22625694743242413e+07   7.56400399425706593e+05   1.10896462504564128e-01
1.20339642625593779e+00   2.41372687682184775e-20   7.40802469074637451e+10   6.93420121741349697e+07   6.95136310396126122e+05   8.07678474349451114e-02   8.04007517429623753e+07   7.01902143380524940e+05   8.07678474349451114e-02
1.22554092849246876e+00   2.21248783136814598e-20   7.57681370587382812e+10   6.75932189298394918e+07   6.43292073350278195e+05   5.83815177361569973e-02   7.84645886781411022e+07   6.49703347233206849e+05   5.83815177361569973e-02
1.24790798667647218e+00   2.02395891170424057e-20   7.74610295661580811e+10   6.57868627219648138e+07   5.93810737955492339e+05   4.18779808986600235e-02   7.64610933299153894e+07   5.99871886693478795e+05   4.18779808986600235e-02
1.27049983753240703e+00   1.84775142324175333e-20   7.91583190041595612e+10   6.39301205563927144e+07   5.46749710161233554e+05   2.98095203637869857e-02   7.43980704028335810e+07   5.52466454434387619e+05   2.98095203637869857e-02
1.29331874026418392e+00   1.68339814255090112e-20   8.08594071092635345e+10   6.20291806519260034e+07   5.02127738401220471e+05   2.10532061757865083e-02   7.22822164948498756e+07   5.07506845841883158e+05   2.10532061757865083e-02
1.31636697678109282e+00   1.53039460409435101e-20   8.25637032142086639e+10   6.00896671649539247e+07   4.59938409048250993e+05   1.47494863355896021e-02   7.01196011425265223e+07   4.64987532486910874e+05   1.47494863355896021e-02
1.33964685192599209e+00   1.38828073192115309e-20   8.42706246526110992e+10   5.81182429989194945e+07   4.20178169106721412e+05   1.02489793352712986e-02   6.79174886421391666e+07   4.24905906170231232e+05   1.02489793352712986e-02
1.36316069370579607e+00   1.25658513264411692e-20   8.59795971345900726e+10   5.61215153870632350e+07   3.82827791915243317e+05   7.06279951597852968e-03   6.56831008632065952e+07   3.87243586083658563e+05   7.06279951597852968e-03
1.38691085352427779e+00   1.13484124958317861e-20   8.76900550938731079e+10   5.41063426836636662e+07   3.47858236733723257e+05   4.82647672744877538e-03   6.34239695847438723e+07   3.51972318042704777e+05   4.82647672744877538e-03
1.41089970641721107e+00   1.02251109442075557e-20   8.94014420069506226e+10   5.20776865366444886e+07   3.15204499835609284e+05   3.26964379902204300e-03   6.11454914940468371e+07   3.19027567395803984e+05   3.26964379902204300e-03
1.43512965128987569e+00   9.19141651898600532e-21   9.11132106849206085e+10   5.00425681442345381e+07   2.84820282697341812e+05   2.19567364027139751e-03   5.88554363494813591e+07   2.88363678736027505e+05   2.19567364027139751e-03
1.45960311115695118e+00   8.24239815392857179e-21   9.28248235387039185e+10   4.80067576731552258e+07   2.56635135722348467e+05   1.46132736674288552e-03   5.65601786353306100e+07   2.59910614160092664e+05   1.46132736674288552e-03
1.48432253338481779e+00   7.37326103445736589e-21   9.45357528183624420e+10   4.59760944934005737e+07   2.30573618409730174e+05   9.63754626297526036e-04   5.42662032509457991e+07   2.33593280077047384e+05   9.63754626297526036e-04
1.50929038993629927e+00   6.57920494153037200e-21   9.62454808272878418e+10   4.39559609470728636e+07   2.06550903955389542e+05   6.29696347590438647e-04   5.19795054293768033e+07   2.09327077700623340e+05   6.29696347590438647e-04
1.53450917761785588e+00   5.85595356709994969e-21   9.79535001120709839e+10   4.19531812031144053e+07   1.84492000982268481e+05   4.07627673279791435e-04   4.97077709845696017e+07   1.87037322394266463e+05   4.07627673279791435e-04
1.55998141832927306e+00   5.19867725266194435e-21   9.96593136288667908e+10   3.99719769983828664e+07   1.64294389699331980e+05   2.61350055391217637e-04   4.74557394128145203e+07   1.66621469778951025e+05   2.61350055391217637e-04
1.58570965931584773e+00   4.60285021043872523e-21   1.01362434887125931e+11   3.80168429036162794e+07   1.45858760676418751e+05   1.65918452795308903e-04   4.52284964516636357e+07   1.47980167640910280e+05   1.65918452795308903e-04
1.61169647342311917e+00   4.06420166411635846e-21   1.03062388071547653e+11   3.60924666338587478e+07   1.29087928043439795e+05   1.04279176620322665e-04   4.30313870722585693e+07   1.31016158083330753e+05   1.04279176620322665e-04
1.63794445935415434e+00   3.57886610154474228e-21   1.04758708143145691e+11   3.42046381083810255e+07   1.13892741443655977e+05   6.48890299133953775e-05   4.08710719421833158e+07   1.15640263287772992e+05   6.48890299133953775e-05
1.66445624192941866e+00   3.14246658697571713e-21   1.06450940920311691e+11   3.23555133440719731e+07   1.00160196479655366e+05   3.99548574736537039e-05   3.87500529588590190e+07   1.01739097920489221e+05   3.99548574736537039e-05
1.69123447234926427e+00   2.75145227400423163e-21   1.08138643140778564e+11   3.05503523915319070e+07   8.78013102522597619e+04   2.43470681373221657e-05   3.66744610217399523e+07   8.92235275053365767e+04   2.43470681373221657e-05
1.71828182845904731e+00   2.40196463951468486e-21   1.09821382505364410e+11   2.87914384955989346e+07   7.67115185063614044e+04   1.46761058228484764e-05   3.46470170544776544e+07   7.79885670525356545e+04   1.46761058228484764e-05
1.74560101501691856e+00   2.09063902736670938e-21   1.11498737704409470e+11   2.70825954660996273e+07   6.67995303041854204e+04   8.75089146199214725e-06   3.26722681931539327e+07   6.79426037408307166e+04   8.75089146199214725e-06
1.77319476396429998e+00   1.81410492435034913e-21   1.13170298427771194e+11   2.54261278395449556e+07   5.79701147185917071e+04   5.15989281990371028e-06   3.07530320557363816e+07   5.89899552099758002e+04   5.15989281990371028e-06
1.80106583469908132e+00   1.56925176258889366e-21   1.14835665359264145e+11   2.38244835041866750e+07   5.01339318676456242e+04   3.00811983830952893e-06   2.88923278697359115e+07   5.10408319859786570e+04   3.00811983830952893e-06
1.82921701435156159e+00   1.35309880523760619e-21   1.16494450156410675e+11   2.22792961981873773e+07   4.32033419908009382e+04   1.73329749538363891e-06   2.70922555433151647e+07   4.40070875639139267e+04   1.73329749538363891e-06
1.85765111806316563e+00   1.16297698089520595e-21   1.18146275416343643e+11   2.07929694261117168e+07   3.70991633285367134e+04   9.87138694374579791e-07   2.53558520424417891e+07   3.78090798435672696e+04   9.87138694374579791e-07
1.88637098926796032e+00   9.96262624260412829e-22   1.19790774628702225e+11   1.93663639912862517e+07   3.17416459113937599e+04   5.55462748731727505e-07   2.36843736956681497e+07   3.23665092466684291e+04   5.55462748731727505e-07
1.91537949997699863e+00   8.50582564989971674e-22   1.21427592116334122e+11   1.80006392539011464e+07   2.70579776303388899e+04   3.08768910028424885e-07   2.20794552442155965e+07   2.76060422457277709e+04   3.08768910028424885e-07
1.94467955106552592e+00   7.23718253619933863e-22   1.23056382964594757e+11   1.66964127528272327e+07   2.29791867895715004e+04   1.69516742548605332e-07   2.05421181263191849e+07   2.34581692683833389e+04   1.69516742548605332e-07
1.97427407256306786e+00   6.13589079609131928e-22   1.24676812940029221e+11   1.54534971658207662e+07   1.94398115744575844e+04   9.18740249140767436e-08   1.90724497794805691e+07   1.98568700609340776e+04   9.18740249140767436e-08
2.00416602394643517e+00   5.18331119645106144e-22   1.26288558399173126e+11   1.42719621367822923e+07   1.63808407550278880e+04   4.91425952567765609e-08   1.76708597443942390e+07   1.67426103006781232e+04   4.91425952567765609e-08
2.03435839443567756e+00   4.36276527283546457e-22   1.27891306188216614e+11   1.31522168989984151e+07   1.37491494218105163e+04   2.59436998740971527e-08   1.63381844321247004e+07   1.40617766310531606e+04   2.59436998740971527e-08
2.06485420329300418e+00   3.65855600913479346e-22   1.29484753534223511e+11   1.20936809481064752e+07   1.14942743535568443e+04   1.35146590163536778e-08   1.50740964478825293e+07   1.17633975560436811e+04   1.35146590163536778e-08
2.09565650012471405e+00   3.05623877557289677e-22   1.31068607928594254e+11   1.10950871455578525e+07   9.56949981058070625e+03   6.94301512450436989e-09   1.38774526467906591e+07   9.80025174746490666e+03   6.94301512450436989e-09
2.12676836518615842e+00   2.54336027897700492e-22   1.32642587003419968e+11   1.01560777506794296e+07   7.93447703698415717e+03   3.51820805552570648e-09   1.27482132255704422e+07   8.13154703300698748e+03   3.51820805552570648e-09
2.15819290968977029e+00   2.10805256870564849e-22   1.34206418401363327e+11   9.27466659860008024e+06   6.55052325752514844e+03   1.75709997203203942e-09   1.16843779230794720e+07   6.71813023957858150e+03   1.75709997203203942e-09
2.18993327611618716e+00   1.74019909287838172e-22   1.35759839639661209e+11   8.44978732613302395e+06   5.38465063967713195e+03   8.64867611708400661e-10   1.06850588535982631e+07   5.52660555823669438e+03   8.64867611708400661e-10
2.22199263852850271e+00   1.43058618075543556e-22   1.37302597968835373e+11   7.67973443527400121e+06   4.40674254540847141e+03   4.19389162149790421e-10   9.74859276682912558e+06   4.52645826268707515e+03   4.19389162149790421e-10
2.25437420288967383e+00   1.17116352472469521e-22   1.38834450226655548e+11   6.96301966348183714e+06   3.59047074549819490e+03   2.00343386121417841e-10   8.87357880193542130e+06   3.69099812333841464e+03   2.00343386121417841e-10
2.28708120738312104e+00   9.54689508820771955e-23   1.40355162687888489e+11   6.29763150252083782e+06   2.91214093875391563e+03   9.42444409035696369e-11   8.05797027934120316e+06   2.99618452715327794e+03   9.42444409035696369e-11
2.32011692273654990e+00   7.74797897452485019e-23   1.41864510910321472e+11   5.68140428642393742e+06   2.35093943958436193e+03   4.36362223879227117e-11   7.29951884663364291e+06   2.42088417841005685e+03   4.36362223879227117e-11
2.35348465254902672e+00   6.25998573149396980e-23   1.43362279577555145e+11   5.11238321885344014e+06   1.88894169455164615e+03   1.98826036465818819e-11   6.59622366051036213e+06   1.94688625468743271e+03   1.98826036465818819e-11
2.38718773362133785e+00   5.03475961019455537e-23   1.44848262338997040e+11   4.58841357369765639e+06   1.51045386737353942e+03   8.91254359799916598e-12   5.94582304460227489e+06   1.55823321812509812e+03   8.91254359799916598e-12
2.42122953628967652e+00   4.03072029652622036e-23   1.46322261647493225e+11   4.10737288922253018e+06   1.20195797856141530e+03   3.92970864347101521e-12   5.34607949274690449e+06   1.24116967326190115e+03   3.92970864347101521e-12
2.45561346476267861e+00   3.21138490927847997e-23   1.47784088595011688e+11   3.66674436619524425e+06   9.51632462963994612e+02   1.70299617706090386e-12   4.79424215540474094e+06   9.83654604361011934e+02   1.70299617706090386e-12
2.49034295746184409e+00   2.54647719063678195e-23   1.49233562746730774e+11   3.26461738647289155e+06   7.49697826172399573e+02   7.25588680828338510e-13   4.28830015979053080e+06   7.75721739583830754e+02   7.25588680828338510e-13
2.52542148736538552e+00   2.00908737365572320e-23   1.50670511973921448e+11   2.89836784742815606e+06   5.87502847210459549e+02   3.03620868957764475e-13   3.82532115016976511e+06   6.08543654485463890e+02   3.03620868957764475e-13
2.56085256235552405e+00   1.57727302272049180e-23   1.52094772285940063e+11   2.56606357814593986e+06   4.58020639192903275e+02   1.24820509863791276e-13   3.40322340722370474e+06   4.74946583553186372e+02   1.24820509863791276e-13
2.59663972556928480e+00   1.23184480440852859e-23   1.53506187661657013e+11   2.26526133369602636e+06   3.55140982377837418e+02   5.03689081461499109e-14   3.01925108690852625e+06   3.68684795186422718e+02   5.03689081461499109e-14
2.63278655575281295e+00   9.57049042379414764e-24   1.54904609880610779e+11   1.99389606429431541e+06   2.73872878892880806e+02   1.99492600758240925e-14   2.67110330780233257e+06   2.84652741492300095e+02   1.99492600758240925e-14
2.66929666761924755e+00   7.39574517515843975e-24   1.56289898354171539e+11   1.74980872956246766e+06   2.10024950515063267e+02   7.75118171563092262e-15   2.35633196816611057e+06   2.18558147415467488e+02   7.75118171563092262e-15
2.70617371221020209e+00   5.68445350530901849e-24   1.57661919956956268e+11   1.53101542589534260e+06   1.60162076106439201e+02   2.95431368935636346e-15   2.07268721997112199e+06   1.66879838515446835e+02   2.95431368935636346e-15
2.74342137726086621e+00   4.34445397711762701e-24   1.59020548858755707e+11   1.33538872471111850e+06   1.21420801132663996e+02   1.10347189488744199e-15   1.81770366101359366e+06   1.26679003438706772e+02   1.10347189488744199e-15
2.78104338756878455e+00   3.30172628448942354e-24   1.60365666357173676e+11   1.16115012713121576e+06   9.15158936190953369e+01   4.03984216363908447e-16   1.58934162655316130e+06   9.56081809196759593e+01   4.03984216363908447e-16
2.81904350536633919e+00   2.49464289548996026e-24   1.61697160711193207e+11   1.00640178472290700e+06   6.85599591019091861e+01   1.44848508966113646e-16   1.38537693655006145e+06   7.17259997133644589e+01   1.44848508966113646e-16
2.85742553069697847e+00   1.87383524907596129e-24   1.63014926975863098e+11   8.69473555179459276e+05   5.10520896604091021e+01   5.08625995798215797e-17   1.20385647920832457e+06   5.34869874243715699e+01   5.08625995798215797e-17
2.89619330179521883e+00   1.39905980447164194e-24   1.64318866838262177e+11   7.48697112097512931e+05   3.77791043030425797e+01   1.74805574798289876e-17   1.04280161972765403e+06   3.96402774841873793e+01   1.74805574798289876e-17
2.93535069547047689e+00   1.03814744430661674e-24   1.65608888454921997e+11   6.42523379813527805e+05   2.77793267097605394e+01   5.87703422516910718e-18   9.00364136018975289e+05   2.91930739301308471e+01   5.87703422516910718e-18
2.97490162749475262e+00   7.65513323528709330e-25   1.66884906290830566e+11   5.49518221301120589e+05   2.02945078742307565e+01   1.93216530837770921e-18   7.74822631458418095e+05   2.13615678620812801e+01   1.93216530837770921e-18
3.01485005299420550e+00   5.60854595111156046e-25   1.68146840960166412e+11   4.68330192871182866e+05   1.47284013382654990e+01   6.20834991596378462e-19   6.64540798785499879e+05   1.55285522627933368e+01   6.20834991596378462e-19
3.05519996684467898e+00   4.08257956451678954e-25   1.69394619068872498e+11   3.97733913449202897e+05   1.06179194344804326e+01   1.94940038579414811e-19   5.68028094193091034e+05   1.12139966049032367e+01   1.94940038579414811e-19
3.09595540407118008e+00   2.95213029876989158e-25   1.70628173059182556e+11   3.36564476379982138e+05   7.60256479964815757e+00   5.97819254260047162e-20   4.83852177952395927e+05   8.04363864421879171e+00   5.97819254260047162e-20
3.13712044025139658e+00   2.12003360984403797e-25   1.71847441056189667e+11   2.83741303388658795e+05   5.40513012630726397e+00   1.78890927475185468e-20   4.10672528434982931e+05   5.72923912014551906e+00   1.78890927475185468e-20
3.17869919192325057e+00   1.51209223404807424e-25   1.73052366716557190e+11   2.38325154534510337e+05   3.81596956996212366e+00   5.22451752153171456e-21   3.47321974270178878e+05   4.05248540291063275e+00   5.22451752153171456e-21
3.22069581699655672e+00   1.07076380247222393e-25   1.74242899079426666e+11   1.99403677575307782e+05   2.67426644977486072e+00   1.48733632674385000e-21   2.92649685772673052e+05   2.84561273575269258e+00   1.48733632674385000e-21
3.26311451516882212e+00   7.52861717485318752e-26   1.75418992419611298e+11   1.66199264502440870e+05   1.86053288984515697e+00   4.12841044464590336e-22   2.45673761999807670e+05   1.98377439517276932e+00   4.12841044464590336e-22
3.30595952834521079e+00   5.25434319125957828e-26   1.76580606103112518e+11   1.37972819487624540e+05   1.28462572765033256e+00   1.11614683487306871e-22   2.05448186544532073e+05   1.37260608865423617e+00   1.11614683487306871e-22
3.34923514106274567e+00   3.63971708423804819e-26   1.77727704445028076e+11   1.14080111710574653e+05   8.80216077098893601e-01   2.93834917702487417e-23   1.71144255240942672e+05   9.42549956640908237e-01   2.93834917702487417e-23
3.39294568091876148e+00   2.50206705164969886e-26   1.78860256569879211e+11   9.39391593371103372e+04   5.98429155013598502e-01   7.52844237737495438e-24   1.42006403997094516e+05   6.42252805967162277e-01   7.52844237737495438e-24
3.43709551900366961e+00   1.70650699456896547e-26   1.79978236274393890e+11   7.70283295799331536e+04   4.03591528966137425e-01   1.87566426130776054e-24   1.17351159025753703e+05   4.34157372947390596e-01   1.87566426130776054e-24
3.48168907033806985e+00   1.15468663479480559e-26   1.81081621892784180e+11   6.28937409892636570e+04   2.69990909273231883e-01   4.54307643620578451e-25   9.65798921500665456e+04   2.91139203925876389e-01   4.54307643620578451e-25
3.52673079431425762e+00   7.74981324085064441e-27   1.82170396164523499e+11   5.11304347999032761e+04   1.79126118330390105e-01   1.06911014673007241e-25   7.91532475613939459e+04   1.93638875949606243e-01   1.06911014673007241e-25
3.57222519514216419e+00   5.15810177541621647e-27   1.83244546104648895e+11   4.13824383247705191e+04   1.17834302812180713e-01   2.44241405494037383e-26   6.45928030435866167e+04   1.27709867647589653e-01   2.44241405494037383e-26
3.61817682229978566e+00   3.40448429718057630e-27   1.84304062876601288e+11   3.33437958848376074e+04   7.68568475903478737e-02   5.41648650986260154e-27   5.24843840798877573e+04   8.35203123652498020e-02   5.41648650986260154e-27
3.66459027098813106e+00   2.22759485300795277e-27   1.85348941667595947e+11   2.67426573193151416e+04   4.96878637936176704e-02   1.16471536901653214e-27   4.24557773193904213e+04   5.41447110535175982e-02   1.16471536901653214e-27
3.71147018259074635e+00   1.44465919674397880e-27   1.86379181566537384e+11   2.13474010250730353e+04   3.18344109600133540e-02   2.42687495702800388e-28   3.41873349695020079e+04   3.47887877764813391e-02   2.42687495702800388e-28
3.75882124513785953e+00   9.28620703414509116e-28   1.87394785444465668e+11   1.69604986012719964e+04   2.02127573864019049e-02   4.90012900183414829e-29   2.74041738480042732e+04   2.21536928132781072e-02   4.90012900183414829e-29
3.80664819377518437e+00   5.91423337658369720e-28   1.88395759837532135e+11   1.34092492434566593e+04   1.27138700280777749e-02   9.57503524020766906e-30   2.18631323335937159e+04   1.39771791737658552e-02   9.57503524020766906e-30
3.85495581123743936e+00   3.73174771728015366e-28   1.89382114832485748e+11   1.05493888525505608e+04   7.92178091680050163e-03   1.81023066051440620e-30   1.73594740516647907e+04   8.73634710932524525e-03   1.81023066051440620e-30
3.90374892832662823e+00   2.33212017410446237e-28   1.90353863954663818e+11   8.25735713573469548e+03   4.88799764186186037e-03   3.30772701106622760e-31   1.37159089456681340e+04   5.40815414349707022e-03   3.30772701106622760e-31
3.95303242439512115e+00   1.44338626986456661e-28   1.91311024058462769e+11   6.43030199217545851e+03   2.98657417997801131e-03   5.84011444339880373e-32   1.07835428000511656e+04   3.31550067470033974e-03   5.84011444339880373e-32
4.00281122783359322e+00   8.84445586505160773e-29   1.92253615220270996e+11   4.98113583824108719e+03   1.80639496680805680e-03   9.95233356670661039e-33   8.43487700789836526e+03   2.01230921967195889e-03   9.95233356670661039e-33
4.05309031656387386e+00   5.36520571798638411e-29   1.93181660633835632e+11   3.83812049681324970e+03   1.08148871169413572e-03   1.63659095335028474e-33   6.56390303358791243e+03   1.20909276005629561e-03   1.63659095335028474e-33
4.10387471853673169e+00   3.22124769471855258e-29   1.94095186508050751e+11   2.94136681024831296e+03   6.40762651732319820e-04   2.59476884495059304e-34   5.08111979745722601e+03   7.19020727470286495e-04   2.59476884495059304e-34
4.15516951223468745e+00   1.91353746253490366e-29   1.94994221967122223e+11   2.24152942329758207e+03   3.75569079589587222e-04   3.96165247017392847e-35   3.91197671555581655e+03   4.23051714117957556e-04   3.96165247017392847e-35
4.20697982717985486e+00   1.12459517637019778e-29   1.95878798953092102e+11   1.69860221717105151e+03   2.17758082026775750e-04   5.82342696723392279e-36   2.99542806452297555e+03   2.46258447582685662e-04   5.82342696723392279e-36
4.25931084444690544e+00   6.53713086298733344e-30   1.96748952130684448e+11   1.27977205752758641e+03   1.24863640260426722e-04   8.23379216244865959e-37   2.28081254361128640e+03   1.41782137465185630e-04   8.23379216244865959e-37
4.31216779718117316e+00   3.75751953592104387e-30   1.97604718794447449e+11   9.58544383083287016e+02   7.07891623170401826e-05   1.11881133493155414e-37   1.72676670868169094e+03   8.07194168603968118e-05   1.11881133493155414e-37
4.36555597112198157e+00   2.13530661790261364e-30   1.98446138778152222e+11   7.13660430246095075e+02   3.96725322907070583e-05   1.46007877743721281e-38   1.29972627341934708e+03   4.54344516308736283e-05   1.46007877743721281e-38
4.41948070513121305e+00   1.19947892348779973e-30   1.99273254366412994e+11   5.28123418537385533e+02   2.19753381030297810e-05   1.82897973448182357e-39   9.72541997067000807e+02   2.52798667069778404e-05   1.82897973448182357e-39
4.47394739172720701e+00   6.65720810100017360e-31   2.00086110208497955e+11   3.88362283991925835e+02   1.20252745738705210e-05   2.19542987815674808e-40   7.23266578226717002e+02   1.38976106759403502e-05   2.19542987815674808e-40
4.52896147762401124e+00   3.65065637716181839e-31   2.00884753234287628e+11   2.83795474560214245e+02   6.50106936615635079e-06   2.52558192319452609e-41   5.34599613250722655e+02   7.54915940958172455e-06   2.52558192319452609e-41
4.58452846427606087e+00   1.97721549905674383e-31   2.01669232572353607e+11   2.06039570600849913e+02   3.47079155339347268e-06   2.78043221450330251e-42   3.92654147529681723e+02   4.05019401507069823e-06   2.78043221450330251e-42
4.64065390842832848e+00   1.05743441489509187e-31   2.02439599470104370e+11   1.48603377778211552e+02   1.82953087414871420e-06   2.92728306289593113e-43   2.86548770599986483e+02   2.14578792900691349e-06   2.92728306289593113e-43
4.69734342267199878e+00   5.58301693028284730e-32   2.03195907215979828e+11   1.06460658301238041e+02   9.51960999509491939e-07   2.94487187018598287e-44   2.07750842633114189e+02   1.12236400628266773e-06   2.94487187018598287e-44
4.75460267600573872e+00   2.90910251451120659e-32   2.03938211063632721e+11   7.57460294189710055e+01   4.88793250271593447e-07   2.82759344544200286e-45   1.49613559572753815e+02   5.79397846349734539e-07   2.82759344544200286e-45
4.81243739440259688e+00   1.49566276763899925e-32   2.04666568158084412e+11   5.35175108700558511e+01   2.47610647185643572e-07   2.58941466838338318e-46   1.07013168137970652e+02   2.95140670408819581e-07   2.58941466838338318e-46
4.87085336138260860e+00   7.58511323346295362e-33   2.05381037463790192e+11   3.75431553585499884e+01   1.23714612685596053e-07   2.25922050953925855e-47   7.60107311029708512e+01   1.48306940347370700e-07   2.25922050953925855e-47
4.92985641859115464e+00   3.79360725460538043e-33   2.06081679694596558e+11   2.61468030902944584e+01   6.09522709331451114e-08   1.87657916719072078e-48   5.36089292453508861e+01   7.34996219609155655e-08   1.87657916719072078e-48
4.98945246638312145e+00   1.87054579315886455e-33   2.06768557245534363e+11   1.80754917655724938e+01   2.96032953182148747e-08   1.48233258442719832e-49   3.75365477172081654e+01   3.59141594966475522e-08   1.48233258442719832e-49
5.04964746441295453e+00   9.08914247218447264e-34   2.07441734126426453e+11   1.24007900411625922e+01   1.41671830322782195e-08   1.11181284324665137e-50   2.60874121978381943e+01   1.72948733759032954e-08   1.11181284324665137e-50
5.11044743223061904e+00   4.35179686609219581e-34   2.08101275897253418e+11   8.44255448253285579e+00   6.67998555917710943e-09   7.91523372917005225e-52   1.79946175457066460e+01   8.20722417396248742e-09   7.91523372917005225e-52
5.17185844988356092e+00   2.05237465985059019e-34   2.08747249605252441e+11   5.70279672668822712e+00   3.10218340945664473e-09   5.34215436946207513e-53   1.23172292720490510e+01   3.83667915071147807e-09   5.34215436946207513e-53
5.23388665852472545e+00   9.53114605641779296e-35   2.09379723723701080e+11   3.82137209632019292e+00   1.41846263669662843e-09   3.41420450633801104e-54   8.36506883662824841e+00   1.76626184477369652e-09   3.41420450633801104e-54
5.29653826102666514e+00   4.35740521537344282e-35   2.09998768092359772e+11   2.53989013429079247e+00   6.38442872462297361e-10   2.06448311868903794e-55   5.63582529669297116e+00   8.00555715384412144e-10   2.06448311868903794e-55
5.35981952260184080e+00   1.96023593265886101e-35   2.10604453859526093e+11   1.67407082485803782e+00   2.82736827234987544e-10   1.17919330459728076e-56   3.76596521289708974e+00   3.57083157174080835e-10   1.17919330459728076e-56
5.42373677142914357e+00   8.67517133744698715e-36   2.11196853425661072e+11   1.09406143482543694e+00   1.23166349973163469e-10   6.35669690109361836e-58   2.49557179363256054e+00   1.56704974925850672e-10   6.35669690109361836e-58
5.48829639928672020e+00   3.77555280463050563e-36   2.11776040388565247e+11   7.08824831566828850e-01   5.27588003438578426e-11   3.22997174500870655e-59   1.63967739948117708e+00   6.76358744215338458e-11   3.22997174500870655e-59
5.55350486219115869e+00   1.61549408633285986e-36   2.12342089490055176e+11   4.55208174764299534e-01   2.22168195380920884e-11   1.54561026977380262e-60   1.06803207891914931e+00   2.87041262764527003e-11   1.54561026977380262e-60
5.61936868104308740e+00   6.79344076467376821e-37   2.12895076564106323e+11   2.89715846134824928e-01   9.19370491391005891e-12   6.95602760623340938e-62   6.89547291633883841e-01   1.19735634982575009e-11   6.95602760623340938e-62
5.68589444227927920e+00   2.80619382362030174e-37   2.13435078486431580e+11   1.82689972337089973e-01   3.73683609144414844e-12   2.93912178645000080e-63   4.41150559236963613e-01   4.90681092561604831e-12   2.93912178645000080e-63
5.75308879853129618e+00   1.13847749435599708e-37   2.13962173125466522e+11   1.14131669838484551e-01   1.49162739637184052e-12   1.16532482407009755e-64   2.79652524616871567e-01   1.97519679652815624e-12   1.16532482407009755e-64
5.82095846929075922e+00   4.53457032339491995e-38   2.14476439294703949e+11   7.06249217321463646e-02   5.84501598368093415e-13   4.32947941259501690e-66   1.75618487932062917e-01   7.80699787468189265e-13   4.32947941259501690e-66
5.88951024158130387e+00   1.77227049365161136e-38   2.14977956706376160e+11   4.32768865088146854e-02   2.24727766371940095e-13   1.50451197995121334e-67   1.09226231697715212e-01   3.02829824817935733e-13   1.50451197995121334e-67
5.95875097063728276e+00   6.79484092040643652e-39   2.15466805926423279e+11   2.62564774024097169e-02   8.47516317547710022e-14   4.88520354197198703e-69   6.72702832210205631e-02   1.15246931222721805e-13   4.88520354197198703e-69
6.02868758058930343e+00   2.55481289312188503e-39   2.15943068330737122e+11   1.57701748639415586e-02   3.13426858433671909e-14   1.48067279275906085e-70   4.10198818275103114e-02   4.30182991118886413e-14   1.48067279275906085e-70
6.09932706515664336e+00   9.41521324164080063e-40   2.16406826062634674e+11   9.37418464450673339e-03   1.13600741739227900e-14   4.18098364480343424e-72   2.47581119422924829e-02   1.57409782039877881e-14   4.18098364480343424e-72
6.17067648834662474e+00   3.39945728434972578e-40   2.16858161991536499e+11   5.51358861645522523e-03   4.03367135280761087e-15   1.09823733796616934e-73   1.47876217085538136e-02   5.64395065662959771e-15   1.09823733796616934e-73
6.24274298516102277e+00   1.20230576951842484e-40   2.17297159672816956e+11   3.20847408037454188e-03   1.40285930696852844e-15   2.68180256078071414e-75   8.73963993485883661e-03   1.98256446535723527e-15   2.68180256078071414e-75
6.31553376230957753e+00   4.16239108947995488e-41   2.17723903308801086e+11   1.84658813796979957e-03   4.77548024789835030e-16   6.07289250211278719e-77   5.10913808887049348e-03   6.81806027017367064e-16   6.07289250211278719e-77
6.38905609893066018e+00   1.41030393883403468e-41   2.18138477710870331e+11   1.05101590017446468e-03   1.59085656741251277e-16   1.27445187735386668e-78   2.95405214661380137e-03   2.29511751381041468e-16   1.27445187735386668e-78
6.46331734731920271e+00   4.67371947285008383e-42   2.18540968262657867e+11   5.91401031765431727e-04   5.18314701428285820e-17   2.47334361029097133e-80   1.68877042290732833e-03   7.55784787436240837e-17   2.47334361029097133e-80
6.53832493366192846e+00   1.51424755795303509e-42   2.18931460884298401e+11   3.28918863071819725e-04   1.65085652667665735e-17   4.43188871620570265e-82   9.54342029215753465e-04   2.43357957371292256e-17   4.43188871620570265e-82
6.61408635877998030e+00   4.79499392887809442e-43   2.19310041997711731e+11   1.80786287443863227e-04   5.13869418514571155e-18   7.32472057603508396e-84   5.33030709212786247e-04   7.65986223601006714e-18   7.32472057603508396e-84
6.69060919887900152e+00   1.48294276609365059e-43   2.19676798492880768e+11   9.81639591958545277e-05   1.56210710482909469e-18   1.11374934522332383e-85   2.94140766333208343e-04   2.35511673583447769e-18   1.11374934522332383e-85
6.76790110630677422e+00   4.47825903226494777e-44   2.20031817695121002e+11   5.26502821323634302e-05   4.63648744614791503e-19   1.55683417352774137e-87   1.60347562365702076e-04   7.07171131676323222e-19   1.55683417352774137e-87
6.84596981031844898e+00   1.31978487881745076e-44   2.20375187333284637e+11   2.78861867328831814e-05   1.34291426184633170e-19   1.99669090199005070e-89   8.63277634060845517e-05   2.07261192067548093e-19   1.99669090199005070e-89
6.92482311784948568e+00   3.79358311614728680e-45   2.20706995508900513e+11   1.45809615894397127e-05   3.79342663335051051e-20   2.34469752018776204e-91   4.58867892390169555e-05   5.92565339755276625e-20   2.34469752018776204e-91
7.00446891429634988e+00   1.06306332490899362e-45   2.21027330666222961e+11   7.52481241396007751e-06   1.04460197849382124e-20   2.51711990828068025e-93   2.40755430641782848e-05   1.65192427120336810e-20   2.51711990828068025e-93
7.08491516430505541e+00   2.90287936735787158e-46   2.21336281563138397e+11   3.83190400940623884e-06   2.80287558614766383e-21   2.46631342266168559e-95   1.24655422900417530e-05   4.48824956619576439e-21   2.46631342266168559e-95
7.16616991256764457e+00   7.71967043298001782e-47   2.21633937242946777e+11   1.92490790147770049e-06   7.32369524274892574e-22   2.20090216798473674e-97   6.36735481526404929e-06   1.18778036086603269e-21   2.20090216798473674e-97
7.24824128462665307e+00   1.99830464711869678e-47   2.21920387006966095e+11   9.53622801702617411e-07   1.86262023055842943e-22   1.78580288149763454e-99   3.20784305388901129e-06   3.06027659456159387e-22   1.78580288149763454e-99
7.33113748768768225e+00   5.03204456612200672e-48   2.22195720387949707e+11   4.65773695015303322e-07   4.60800215287826046e-23   1.31456395175958420e-101   1.59342975749369094e-06   7.67143772873232204e-23   1.31456395175958420e-101
7.41486681144011683e+00   1.23207207115190703e-48   2.22460027124287567e+11   2.24232088678878769e-07   1.10837138836192398e-23   8.76400608458745099e-104   7.80206816414743238e-07   1.87013535934936492e-23   8.76400608458745099e-104
7.49943762888610976e+00   2.93123078022227164e-49   2.22713397134985077e+11   1.06364952833328918e-07   2.59033316517472413e-24   5.27939974218971279e-106   3.76440548212215824e-07   4.43059608357670862e-24   5.27939974218971279e-106
7.58485839717787869e+00   6.77388183363530681e-50   2.22955920495379669e+11   4.97052968526741229e-08   5.87999487684335365e-25   2.87016670318483538e-108   1.78943492628551864e-07   1.01975346827676139e-24   2.87016670318483538e-108
7.67113765846343654e+00   1.51925701394860102e-50   2.23187687413589264e+11   2.28729163362142986e-08   1.29533075785935513e-25   1.40400964706578148e-110   8.37683401836396698e-08   2.27825960807304395e-25   1.40400964706578148e-110
7.75828404074081490e+00   3.30533431406966771e-51   2.23408788207667999e+11   1.03620517354764848e-08   2.76791296349594130e-26   6.16900352506576267e-113   3.86080082824002750e-08   4.93821382659541495e-26   6.16900352506576267e-113
7.84630625872086007e+00   6.97172418566732845e-52   2.23619313283451050e+11   4.62006505251134787e-09   5.73380732883478727e-27   2.42974842087532309e-115   1.75137819115144158e-08   1.03787332813340999e-26   2.42974842087532309e-115
7.93521311469872437e+00   1.42444904909165584e-52   2.23819353113070374e+11   2.02649148204077294e-09   1.15051802969502510e-27   8.55344375531506443e-118   7.81634510917467820e-09   2.11332561369630822e-27   8.55344375531506443e-118
8.02501349943409537e+00   2.81803782743096733e-53   2.24008998214121277e+11   8.74259656499817367e-10   2.23519958705256856e-28   2.68714519123289669e-120   3.43124267002283053e-09   4.16721880044616334e-28   2.68714519123289669e-120
8.11571639304027848e+00   5.39519524101919263e-54   2.24188339129468719e+11   3.70865826187837300e-10   4.20223279546801708e-29   7.51955524114792540e-123   1.48116481628017773e-09   7.95334810428327707e-29   7.51955524114792540e-123
8.20733086588221994e+00   9.98502312483019385e-55   2.24357466407665283e+11   1.54606564359160223e-10   7.63667523210006190e-30   1.86702101911493606e-125   6.28368937125856329e-10   1.46756268283130355e-29   1.86702101911493606e-125
8.29986607948355193e+00   1.78599333827486672e-55   2.24516470583976746e+11   6.33327446463883312e-11   1.34121707206984981e-30   4.10999086396308544e-128   2.61961205332182070e-10   2.61753483006728514e-30   4.10999086396308544e-128
8.39333128744274681e+00   3.08437107254584265e-56   2.24665442161991516e+11   2.54797982936661766e-11   2.27421030206142909e-31   7.99348745556843297e-131   1.07262714098517963e-10   4.50819450294869564e-31   7.99348745556843297e-131
8.48773583635848716e+00   5.14015385884559094e-57   2.24804471595796875e+11   1.00649719059267083e-11   3.72106291953444635e-32   1.37092641253737078e-133   4.31251092771328519e-11   7.49363037648972804e-32   1.37092641253737078e-133
8.58308916676433853e+00   8.26042854982393760e-58   2.24933649272714020e+11   3.90231306312372761e-12   5.87087884622878466e-33   2.06821415440455689e-136   1.70186271076703155e-11   1.20130633643466116e-32   2.06821415440455689e-136
8.67940081407279784e+00   1.27873993427165239e-58   2.25053065496572418e+11   1.48418069538065131e-12   8.92224727547661299e-34   2.73426150450873251e-139   6.58862170314610959e-12   1.85533038567019666e-33   2.73426150450873251e-139
8.77668040952885953e+00   1.90612222291765538e-59   2.25162810471506226e+11   5.53635664518957612e-13   1.30562463846006369e-34   3.16352734423048714e-142   2.50181747260391635e-12   2.75948935615148240e-34   3.16352734423048714e-142
8.87493768117313486e+00   2.73385134573429672e-60   2.25262974286264740e+11   2.02471485379983871e-13   1.83824193851548003e-35   3.19457936375477517e-145   9.31401619835908991e-13   3.94948902855498760e-35   3.19457936375477517e-145
8.97418245481467025e+00   3.76861300808757582e-61   2.25353646899022491e+11   7.25543893470707300e-14   2.48744451437878983e-36   2.80474251190297993e-148   3.39779192968601927e-13   5.43353494174084622e-36   2.80474251190297993e-148
9.07442465501353190e+00   4.99094556004683695e-62   2.25434918122669434e+11   2.54699955732112067e-14   3.23358876579210414e-37   2.13771392992279169e-151   1.21433452568129852e-13   7.18230151823054416e-37   2.13771392992279169e-151
9.17567430607327950e+00   6.34281257627987415e-63   2.25506877610572235e+11   8.75396271725451187e-15   4.03365906752734116e-38   1.40872408088958225e-154   4.24920518581617052e-14   9.11140289910595899e-38   1.40872408088958225e-154
9.27794153304338920e+00   7.73057820685977248e-64   2.25569614842802551e+11   2.94479944700681141e-15   4.82537843272973609e-39   8.00906869945879756e-158   1.45535214254561332e-14   1.10860944466539187e-38   8.00906869945879756e-158
9.38123656273178419e+00   9.02845519815022283e-65   2.25623219112798828e+11   9.69166502055996510e-16   5.53123798250633908e-40   3.91694585750424284e-161   4.87680514095902663e-15   1.29265240556013523e-39   3.91694585750424284e-161
9.48556972472750992e+00   1.00937158106613865e-65   2.25667779514478149e+11   3.11896208785851156e-16   6.06927705390792238e-41   1.64204189680115832e-164   1.59803792632082828e-15   1.44297022683787837e-40   1.64204189680115832e-164
9.59095145243371228e+00   1.07932713744609613e-66   2.25703384929757446e+11   9.81072517258665312e-17   6.36948343889839270e-42   5.88273056846497665e-168   5.11838420164317891e-16   1.54074757430485497e-41   5.88273056846497665e-168
9.69739228411098253e+00   1.10293257121126277e-67   2.25730124016493164e+11   3.01496573542319098e-17   6.38784471910213485e-43   1.79565509638153917e-171   1.60170738055226671e-16   1.57228553722102537e-42   1.79565509638153917e-171
9.80490286393118637e+00   1.07589621206765468e-68   2.25748085196826050e+11   9.04720306618453706e-18   6.11531979360145514e-44   4.65222257514850107e-175   4.89438979208414180e-17   1.53174568517609141e-43   4.65222257514850107e-175
9.91349394304189779e+00   1.00139207836961014e-69   2.25757356645902161e+11   2.65026552440812443e-18   5.58582980476829659e-45   1.02127128323419596e-178   1.46005615865623745e-17   1.42390826935949847e-44   1.02127128323419596e-178
1.00231763806415231e+01   8.87955091646342027e-71   2.25758026280994324e+11   7.57302309107843060e-19   4.86070628138427507e-46   1.88943324021258899e-182   4.24873340081996752e-18   1.26111861884569057e-45   1.88943324021258899e-182
1.01339611450652214e+01   7.49753668696401734e-72   2.25750181750974487e+11   2.11031327592813115e-19   4.02758032927215434e-47   2.94092660025317895e-186   1.20575566018572229e-18   1.06363872165631338e-46   2.94092660025317895e-186
1.02458593148817609e+01   6.01978565963726858e-73   2.25733910426157318e+11   5.73075457544562697e-20   3.17333300258389881e-48   3.83226185603673502e-190   3.33472093614275378e-19   8.53077688422563689e-48   3.83226185603673502e-190
1.03588820800013686e+01   4.59281206279662656e-74   2.25709299388489502e+11   1.51604384765892741e-20   2.37583262848585814e-49   4.17049064840298281e-194   8.98476176097443410e-20   6.50186155715266292e-49   4.17049064840298281e-194
